materials-id,composition,target
4,Ac1Ag2Cd1,True
17,Ac1Au2Eu1,True
20,Ac1Au2Na1,True
22,Ac1Au2Sb1,True
26,Ac1Au2Yb1,True
30,Ac1Ba3,False
32,Ac1Br3,True
43,Ac1Cd1Zn2,False
44,Ac1Cd2La1,True
49,Ac1Ce1Mg2,False
50,Ac1Ce3,False
51,Ac1Cl1O1,True
52,Ac1Cl3,True
54,Ac1Cs1,False
76,Ac1Hg1Rh2,True
90,Ac1In1Zn2,False
96,Ac1La1,False
107,Ac1Mg1,True
118,Ac1N1,True
119,Ac1Na1,False
120,Ac1Na1Te2,True
123,Ac1Nd3,False
128,Ac1O3Si1,False
134,Ac1Pr3,False
135,Ac1Rb1Te2,True
143,Ac1Sr1Tl2,True
144,Ac1Sr1Zn2,True
146,Ac1Tb3,False
150,Ac1Tl2Yb1,True
151,Ac1Y3,False
152,Ac1Yb1Zn2,True
154,Ac1Zn3,True
162,Ac2Cd1Hg1,True
164,Ac2Cd1Tl1,True
167,Ac2Cu1Ir1,True
176,Ac2Ge1Hg1,True
178,Ac2Ge1Ni1,True
186,Ac2Ir1Li1,True
192,Ac2Li1Ru1,True
199,Ac2Mg1Tl1,True
209,Ac3Ag1,False
211,Ac3Ba1,False
212,Ac3Br1,False
213,Ac3Ca1,False
221,Ac3Eu1,False
225,Ac3In1,True
228,Ac3Li1,False
241,Ac3Sm1,False
242,Ac3Sn1,True
252,Ac3Zn1,False
257,Ag10Cu1O12Pb3,False
260,Ag10S11Si3,False
268,Ag13As3I4O12,False
282,Ag17Mg54,True
290,Ag1Al1B1,False
292,Ag1Al1Br6Cs2,False
298,Ag1Al1Cl6K2,False
307,Ag1Al1F6Li2,False
309,Ag1Al1F6Rb1,False
317,Ag1Al1P2Se6,True
320,Ag1Al1Se2,True
321,Ag1Al1Se4Sn1,True
328,Ag1Al3Eu2,False
329,Ag1Al3Hf2,True
330,Ag1Al4In1S8,False
331,Ag1Al4In1Se8,False
332,Ag1Al4In1Te8,False
339,Ag1As1Br6Rb2,True
342,Ag1As1Ca1O4,True
350,Ag1As1F6,True
351,Ag1As1F6K2,False
360,Ag1As1Fe1N6S4,False
368,Ag1As1Mo1O6,False
380,Ag1As1Zn1,False
386,Ag1As2La1,True
388,Ag1As2Nd1,True
401,Ag1As3O12Zn3,False
403,Ag1As4Cs3Se8,True
405,Ag1Au1Ba2,False
419,Ag1Au1Cs2F6,False
424,Ag1Au1F6K2,False
432,Ag1Au1Li2,True
433,Ag1Au1Lu2,True
437,Ag1Au1Pd2,False
445,Ag1Au1Yb2,True
446,Ag1Au1Zn2,True
447,Ag1Au2Ca1,False
450,Ag1Au2Eu1,False
452,Ag1Au2In1,False
459,Ag1Au2Pm1,True
468,Ag1B10C15Cl2H40N1O3P2,False
474,Ag1B1C2F20O6Te4,False
477,Ag1B1F4,True
478,Ag1B1F4H2O1,True
491,Ag1Ba1Er1S3,False
495,Ag1Ba1F1Te1,True
496,Ag1Ba1F7Mg1,False
497,Ag1Ba1F7Zn1,False
498,Ag1Ba1La1Se3,True
500,Ag1Ba1Nd1S3,True
501,Ag1Ba1O1S3Sb1,False
503,Ag1Ba1O9P3,True
504,Ag1Ba1P1,True
509,Ag1Ba1Se3Y1,True
512,Ag1Ba2Bi1,False
522,Ag1Ba4Ga5Se12,False
528,Ag1Be2,False
533,Ag1Bi1Ca1,True
541,Ag1Bi1Cr4O14,True
543,Ag1Bi1Cu2Pb1S4,False
544,Ag1Bi1Eu1,True
545,Ag1Bi1Eu2,False
547,Ag1Bi1Ge1Te3,False
548,Ag1Bi1I4,False
551,Ag1Bi1I6Rb2,False
559,Ag1Bi1O8W2,False
562,Ag1Bi1Pb1S3,False
566,Ag1Bi1S2,False
567,Ag1Bi1Se1Te1,False
576,Ag1Bi2F12,True
588,Ag1Br1In2Te3,False
605,Ag1Br6Ce1Cs2,True
608,Ag1Br6Cs2Ga1,False
610,Ag1Br6Cs2Mo1,False
613,Ag1Br6Cs2Sc1,False
619,Ag1Br6Ga1Rb2,False
621,Ag1Br6In1Na2,False
625,Ag1Br6K2Pr1,False
626,Ag1Br6K2Sb1,False
633,Ag1Br6O2W2,False
641,Ag1C15Cl1H36N6S3,False
647,Ag1C1K1O3,True
652,Ag1C1O2,False
655,Ag1C20H10N6O8Tb1,False
657,Ag1C2Cl2F6N2Sb1,False
658,Ag1C2Cs1,False
659,Ag1C2Dy1H2O9S1,False
664,Ag1C2H6N5O4,False
671,Ag1C2N2Tl1,False
674,Ag1C2Na1O4,False
699,Ag1C6F6N4O2Sb1,False
705,Ag1C9Cl1H24N6O4S3,False
707,Ag1Ca10O28P7,True
714,Ag1Ca1P1,True
716,Ag1Ca1Sn1,True
720,Ag1Ca2Cu4La3O12,False
725,Ag1Ca2O5Y1,False
732,Ag1Ca2Rh1,False
734,Ag1Ca2Sn1,True
735,Ag1Ca2Zn3,False
749,Ag1Cd1Pr2,False
751,Ag1Cd1Sc2,False
757,Ag1Cd2Ga1Se4,False
759,Ag1Cd2Li1,True
768,Ag1Ce1Cl6K2,False
772,Ag1Ce1Cu1In1,False
777,Ag1Ce1Hg2,True
780,Ag1Ce1K1Te4,True
798,Ag1Ce2Sn1,False
802,Ag1Ce3Se7Si1,True
803,Ag1Ce5Pb3,True
808,Ag1Cl1H10N8O6S8,False
809,Ag1Cl1H2O5,False
811,Ag1Cl1In2Se3,False
812,Ag1Cl1In2Te3,False
815,Ag1Cl1O4,True
827,Ag1Cl5Na4,False
830,Ag1Cl6Cs2Eu1,True
843,Ag1Cl6Cs2Tb1,True
851,Ag1Cl6Eu1K2,False
867,Ag1Cl6K2Sm1,False
869,Ag1Cl6K2Tb1,False
895,Ag1Co1O2,True
910,Ag1Cr1P2Se6,True
911,Ag1Cr1S2,False
919,Ag1Cr2H4O10Sc1,True
922,Ag1Cr2Te4,True
924,Ag1Cr4In1S8,True
928,Ag1Cs1F3,True
945,Ag1Cs2F6Ga1,True
949,Ag1Cs2F6Nb1,False
952,Ag1Cs2F6Sc1,True
959,Ag1Cs2I6Nd1,False
960,Ag1Cs2I6Pr1,False
982,Ag1Cu1In2S8Sn2,False
986,Ag1Cu1O2,True
991,Ag1Cu1S1,False
995,Ag1Cu1Ti4,True
997,Ag1Cu2H1O10Se2,False
1004,Ag1Cu3K1Mo4O16,False
1008,Ag1Cu4Nd1,True
1009,Ag1Cu4Sm1,True
1015,Ag1Dy1,True
1016,Ag1Dy1Ga1,False
1017,Ag1Dy1Ge1,True
1020,Ag1Dy1O8W2,True
1025,Ag1Dy1Si1,True
1026,Ag1Dy1Sn1,True
1027,Ag1Dy1Sn2,False
1028,Ag1Dy1Te2,True
1029,Ag1Dy2Ga1,False
1031,Ag1Dy2Ir1,False
1047,Ag1Er1Se2,True
1057,Ag1Er2Ru1,True
1062,Ag1Eu1,True
1065,Ag1Eu1Ge1,False
1080,Ag1Eu2Pt1,False
1084,Ag1Eu2Sn1,True
1105,Ag1F3Li1,False
1108,Ag1F3Mn1,False
1111,Ag1F3Tl1,False
1115,Ag1F4K2,True
1118,Ag1F4Li3,False
1119,Ag1F4Na1,True
1120,Ag1F4Na2,True
1134,Ag1F6Ir1Na2,False
1139,Ag1F6K2Pr1,False
1144,Ag1F6K2Ti1,False
1149,Ag1F6Na2Nb1,False
1151,Ag1F6Na2Rh1,False
1152,Ag1F6Na2Ru1,False
1156,Ag1F6Na2Ti1,False
1168,Ag1F6Pt1,True
1173,Ag1F6Rb2Ta1,False
1187,Ag1F8Li5,False
1194,Ag1Fe1Mo2O8,False
1205,Ag1Fe2S3,False
1210,Ag1Ga12Tb4,False
1212,Ag1Ga1Ge1S4,False
1217,Ag1Ga1I6Na2,False
1224,Ag1Ga1O2,True
1227,Ag1Ga1Pr2,False
1233,Ag1Ga1Se2,True
1234,Ag1Ga1Se4Sn1,True
1244,Ag1Ga2Yb1,True
1254,Ag1Gd1O8W2,False
1255,Ag1Gd1S2,True
1259,Ag1Gd2Hg1,False
1269,Ag1Ge1Ho1,False
1271,Ag1Ge1La1,True
1287,Ag1Ge2Ho6S14,False
1289,Ag1Ge2Na5Se7,True
1295,Ag1H1N1O2P1,False
1301,Ag1H36I2N9O12S8,False
1304,Ag1H4Mo1N1S4,False
1306,Ag1H5O9S2,True
1307,Ag1H8N7O2P2S1,False
1315,Ag1Hg1,False
1321,Ag1Hg1Mg2,False
1323,Ag1Hg1O2,False
1324,Ag1Hg1O4V1,False
1330,Ag1Hg1Sr2,False
1337,Ag1Hg2Lu1,True
1348,Ag1Hg2Yb1,True
1350,Ag1Hg3O6Sb1,False
1356,Ag1Ho1Se2,True
1357,Ag1Ho1Sn1,True
1365,Ag1Ho2Zn1,True
1366,Ag1I1,True
1378,Ag1I2O8V1,False
1379,Ag1I2Tl1,False
1380,Ag1I3K2,False
1382,Ag1I3Rb2,True
1391,Ag1I6K2Pr1,False
1399,Ag1I6Pr1Rb2,False
1402,Ag1I6Rb2Ta1,False
1420,Ag1In1S5Zn3,False
1421,Ag1In1Sc2,True
1425,Ag1In1Tb2,True
1426,Ag1In1Te2,True
1432,Ag1In3,False
1435,Ag1In5S8,True
1438,Ag1Ir1,False
1441,Ag1Ir1Mg2,False
1444,Ag1Ir1Pr2,False
1447,Ag1Ir1Tb2,False
1452,Ag1K1Nb4P2S20,True
1464,Ag1K2Nb1S4,True
1473,Ag1K3O2,True
1474,Ag1K3Se8Sn3,False
1476,Ag1K5O9S6,False
1477,Ag1La1,True
1478,Ag1La1Mg1,True
1481,Ag1La1Na1Te4,True
1483,Ag1La1O12P4,True
1493,Ag1La1Si2,True
1496,Ag1La2O1S2,False
1502,Ag1La2Zn1,False
1504,Ag1La3Mn4O12,False
1506,Ag1La3S7Sn1,True
1511,Ag1La5Ni7O24Sm3,False
1524,Ag1Li2Pb1,True
1530,Ag1Li2Zn1,False
1533,Ag1Lu1O8W2,False
1536,Ag1Lu1Se2,False
1538,Ag1Lu1Sn1,True
1543,Ag1Lu2Tc1,False
1544,Ag1Lu2Tl1,True
1546,Ag1Lu6Te2,True
1548,Ag1Mg149,True
1555,Ag1Mg1Sm1,True
1559,Ag1Mg1Yb1,True
1571,Ag1Mg3,False
1576,Ag1Mn1O4,False
1584,Ag1Mo1O6P1,True
1590,Ag1Mo6Se8,False
1592,Ag1N1O2,False
1603,Ag1Na1O1,True
1607,Ag1Na1O4S2,False
1608,Ag1Na1O5S1,False
1624,Ag1Nb4P2Rb1S20,True
1626,Ag1Nb6Se8,False
1628,Ag1Nd1O12P4,True
1652,Ag1O15V6,False
1659,Ag1O2Rb1,True
1660,Ag1O2Rb3,True
1665,Ag1O2Sr1,True
1683,Ag1O3Te1,True
1685,Ag1O3V1,True
1691,Ag1O4S1,True
1698,Ag1O6P2Rb1,True
1702,Ag1O6U1V1,False
1708,Ag1O8Sm1W2,True
1713,Ag1O8W2Yb1,True
1715,Ag1Os1Pm2,True
1722,Ag1P1S3,False
1724,Ag1P1Se3Tl1,True
1729,Ag1P2S6V1,False
1731,Ag1P2Se6Tm1,True
1733,Ag1P2Sm1Zn1,False
1738,Ag1Pb1S6Sb3,False
1739,Ag1Pb1Sb1Te3,False
1748,Ag1Pd1,True
1749,Ag1Pd1Sr2,False
1750,Ag1Pd1Tb2,False
1752,Ag1Pd1Yb2,True
1756,Ag1Pd3Zr8,False
1758,Ag1Pm2Pt1,True
1760,Ag1Pm2Ru1,True
1762,Ag1Pm2Sn1,True
1763,Ag1Pm2Tl1,True
1764,Ag1Pm2Zn1,True
1774,Ag1Pr3,False
1780,Ag1Pt1,True
1782,Ag1Pt1Sr2,False
1783,Ag1Pt1Tm2,False
1790,Ag1Rb1Se3U1,True
1792,Ag1Rb2S4Sb1,True
1805,Ag1Ru1Tm2,True
1818,Ag1S3Ta1,True
1822,Ag1S7Si1Sm3,True
1827,Ag1Sb1Se2,False
1849,Ag1Se2Tm1,False
1856,Ag1Si1Y1,True
1860,Ag1Sm1Sn1,False
1861,Ag1Sm1Zn2,False
1864,Ag1Sm2Zn1,False
1865,Ag1Sm3,False
1875,Ag1Sn3Ti5,False
1894,Ag1Ti3,False
1899,Ag1Tm2Zn1,False
1905,Ag1Yb3,False
1913,Ag2Al1,True
1915,Ag2Al1Ce1,False
1916,Ag2Al1Dy1,False
1917,Ag2Al1Er1,True
1919,Ag2Al1Ho1,True
1920,Ag2Al1In1S4,False
1922,Ag2Al1La1,False
1924,Ag2Al1Lu1,False
1926,Ag2Al1Nd1,False
1930,Ag2Al1Tb1,False
1938,Ag2Al7Gd3,True
1939,Ag2As1Cs1S3,True
1942,Ag2As1O6V1,False
1965,Ag2Ba1O2,False
1971,Ag2Ba2Ca1Cu1F14,False
1972,Ag2Ba2Co1O2Se2,False
1973,Ag2Ba2Cu1F14Mg1,False
1974,Ag2Ba2Cu1F14Zn1,False
1977,Ag2Ba6Cd1S16Sn4,True
1989,Ag2Bi2S3Se1,False
2019,Ag2Ca3O12Si3,False
2022,Ag2Cd1Dy1,True
2032,Ag2Cd1Lu1,True
2033,Ag2Cd1Mg1,True
2037,Ag2Cd1Pr1,False
2041,Ag2Cd1Se4Sn1,False
2050,Ag2Ce1,True
2053,Ag2Ce1In1,True
2066,Ag2Co3O14P4,False
2068,Ag2Co6La7O24Sm1,False
2074,Ag2Cs1I3,False
2076,Ag2Cs2Te4Zr1,True
2085,Ag2Cu2O3,False
2090,Ag2Dy1Lu1,True
2092,Ag2Dy1O15Ta5,False
2100,Ag2Er1O15Ta5,False
2101,Ag2Er1Tm1,False
2106,Ag2Eu1In1,False
2115,Ag2Eu3,True
2117,Ag2F14Zn1Zr2,False
2120,Ag2F1O3P1,False
2126,Ag2F5,True
2127,Ag2F5Li1,False
2128,Ag2F5Li3,False
2130,Ag2F7Fe1Ni1,True
2131,Ag2F7In1Ni1,True
2136,Ag2Fe1S4Sn1,False
2147,Ag2Ga1Zn1,False
2152,Ag2Gd1Mg1,True
2154,Ag2Gd1Si2,True
2155,Ag2Gd1Sm1,True
2163,Ag2Ge1O21S6,True
2166,Ag2Ge1O4Zn1,False
2182,Ag2H12N4O4S1,False
2190,Ag2Hf1S3,False
2192,Ag2Hg1I2S1,True
2193,Ag2Hg1I4,True
2210,Ag2Ho1Mg1,True
2211,Ag2Ho1O15Ta5,False
2212,Ag2Ho1Tm1,False
2215,Ag2I1O6,False
2216,Ag2I4Mo1O14,False
2219,Ag2I4Zn1,False
2222,Ag2In1Li1,True
2230,Ag2In1Sc1,True
2252,Ag2La1Tl1,False
2255,Ag2La2O5,False
2261,Ag2Li1Pb1,False
2266,Ag2Li1Tl1,False
2271,Ag2Lu1Mg1,True
2275,Ag2Mg1Nd1,True
2277,Ag2Mg1O6Pr1,False
2288,Ag2Mg3O12Si3,False
2292,Ag2Mn1S8Sn3,True
2297,Ag2Mn3O14P4,True
2307,Ag2N5Na4Ni1O12S8,False
2333,Ag2O21S6Sn1,True
2335,Ag2O2Pd1,False
2339,Ag2O3Si1,False
2343,Ag2O4S1,True
2344,Ag2O4Se1,True
2345,Ag2O4Si1Zn1,False
2352,Ag2O5Zn2,False
2357,Ag2O7P2Zn1,False
2368,Ag2P2Si1,False
2373,Ag2Pm1Tl1,True
2386,Ag2S3Te1,True
2388,Ag2S4Sn1Zn1,True
2390,Ag2S6Te1V3,True
2391,Ag2Sc1,True
2394,Ag2Se4Sn1Zn1,False
2403,Ag2Sm1Y1,True
2405,Ag2Sm1Zn1,False
2406,Ag2Sn1Yb1,False
2422,Ag33O42Pb14,False
2424,Ag3Al1,True
2426,Ag3Al11Ca4O48Si13,False
2439,Ag3As1Se3,True
2442,Ag3As2O14Te1,False
2445,Ag3As3O12U1,False
2452,Ag3B1O3,False
2455,Ag3Ba4Ge20,True
2461,Ag3Bi7S12,False
2474,Ag3C6K2N6Na1,False
2479,Ag3Ca5,True
2483,Ag3Ce1,False
2484,Ag3Ce1K2Te4,True
2493,Ag3Cs1Gd2Se5,True
2513,Ag3F1,False
2515,Ag3F14Hf2,True
2517,Ag3F24Sb4,True
2519,Ag3F4O12S4,True
2520,Ag3F6Fe1,False
2533,Ag3Ge2Li3,False
2543,Ag3Hg2In3Te8,False
2544,Ag3I1N2O6,False
2551,Ag3In2Sb1Se6,False
2554,Ag3K1S2,False
2558,Ag3K3Nb2S8,True
2560,Ag3K3Se8Ta2,True
2562,Ag3Li1,True
2580,Ag3Ni2O4,False
2581,Ag3Np1,False
2582,Ag3O1,False
2597,Ag3P11,True
2599,Ag3P1Se4,True
2600,Ag3P2S8Y1,True
2615,Ag3Rh1,False
2622,Ag3Sb1Te4,False
2628,Ag3Sr7,True
2632,Ag3Th1,False
2634,Ag3U1,False
2636,Ag3Y1,False
2637,Ag3Yb1,False
2641,Ag4Al11Na7O48Si13,False
2645,Ag4As8C1K12O1Se20,False
2650,Ag4Ba1O8Zn1,False
2651,Ag4Ba3Sr1,False
2665,Ag4Eu1In8,False
2669,Ag4H6Mn1O18P6,False
2670,Ag4H6Ni1O18P6,False
2675,Ag4I2O4Se1,False
2679,Ag4K2N12O24Pd3,False
2689,Ag4Mn2Mo6O24Zr1,True
2711,Ag51Dy14,True
2713,Ag51Ho14,True
2714,Ag51Nd14,True
2718,Ag51Th14,True
2721,Ag5Al11K6O48Si13,False
2729,Ag5Bi1O4,True
2737,Ag5Cl5Hg4P8,True
2748,Ag5I1O6,False
2762,Ag5S16Sn6,False
2770,Ag6Ba1O4,True
2776,Ag6Cr1O8Si1,False
2787,Ag6O20Te4W3,False
2793,Ag7Al11Na4O48Si13,False
2799,Ag7Cs1S4,False
2806,Ag7N1O8,False
2824,Ag8Cr3I2O12,False
2825,Ag8Ge1S6,True
2826,Ag8Ge1Se6,True
2833,Ag8S6Ti1,False
2837,Ag9Al1Se6,True
2846,Ag9Ge2N1O11,True
2847,Ag9I4S4,False
2852,Ag9O12Pb4,False
2853,Ag9Rb3S12Sb4,False
2854,Al10B12Ba8O41,True
2859,Al10Ca1H6Na2O20,False
2864,Al10Cu2La1,False
2870,Al10Er1Ru2,True
2876,Al10Fe2Tb1,True
2882,Al10Gd1Ru2,True
2887,Al10Lu1Os2,True
2905,Al10Ru2Tb1,True
2912,Al11Ca12Cl5O32Si3,True
2917,Al11Ce3,False
2926,Al11Li1Mg17,False
2931,Al11Mg17Sn1,False
2937,Al11N1O17,False
2945,Al11O17Rb1,True
2946,Al11O17Tl1,True
2947,Al11O18,False
2958,Al12Be1Mg16,False
2978,Al12Dy3Os4,True
2985,Al12Eu1O19,True
2986,Al12Eu2Mn5,False
2990,Al12Fe7,True
2992,Al12Ga1Na1O66S4,False
2993,Al12Ga1O66S4,False
2997,Al12H1Mg16,False
2998,Al12H24K1Na3O56S8,True
3004,Al12Ho3Ru4,True
3009,Al12La1Mg16,False
3015,Al12Mg16Na1,False
3017,Al12Mg16Np1,False
3028,Al12Mg16S1,False
3033,Al12Mg16Sm1,False
3041,Al12Mg16Tl1,False
3045,Al12Mg16Y1,False
3046,Al12Mg16Yb1,False
3053,Al12N36O18Pr10Si18Sr3,False
3067,Al12Pr3Ru4,True
3091,Al14Ca11O32,True
3097,Al14Cu3Se24,False
3098,Al14Mg13,False
3110,Al15Ge4Ni3,False
3127,Al16Hf6Os7,False
3136,Al16Ni7Ti6,True
3141,Al16Pd7Ti6,False
3155,Al17K1Mg8O72Si19,False
3173,Al19Co6Pr2,True
3181,Al1As1Cu1O5,False
3182,Al1As1Cu2O12,False
3186,Al1As1O4,True
3190,Al1As2Cs3,True
3193,Al1As2K1O7,True
3194,Al1As2K2Na1,True
3196,Al1As2Li1,False
3199,Al1As2Na1O7,True
3201,Al1As2Na3O8,True
3206,Al1As3Cl4Se4,True
3209,Al1As4B1Na2O14,False
3210,Al1As4Ca3Na3,True
3214,Al1Au1Br6Rb2,False
3215,Al1Au1Ca1,True
3220,Al1Au1Cs2F6,False
3236,Al1Au1O3,False
3238,Al1Au1Sc1,True
3254,Al1Au2Pa1,True
3256,Al1Au2Sc1,False
3261,Al1Au2Y1,False
3273,Al1B14Lu1,False
3277,Al1B14Yb1,False
3280,Al1B1Be1O7Y2,True
3288,Al1B1Li2O4,True
3299,Al1B2,False
3302,Al1B2Fe1O8Pb2,True
3303,Al1B2Fe2,True
3311,Al1B3Ca1O7,False
3314,Al1B3H30N6,True
3319,Al1B4Li1,False
3326,Al1B5H16N2O14,False
3335,Al1B8Ni9,False
3336,Al1B8Rh18Zn10,False
3338,Al1Ba1,False
3343,Al1Ba1Co1Cu1O5,False
3346,Al1Ba1Cr4O7,False
3366,Al1Ba1Ga1O4,False
3375,Al1Ba1Mg6,False
3378,Al1Ba1N7O2Si5,True
3392,Al1Ba2Co3O8,False
3399,Al1Ba2Cu2O7Tl1,False
3405,Al1Ba2F11Sn2,False
3417,Al1Ba2Mn2O7Tl1,False
3420,Al1Ba2Mo3O8,False
3428,Al1Ba2O7Ti2Tl1,False
3445,Al1Ba5Ir2O11,True
3447,Al1Be1Cl1Na4O12Si4,True
3449,Al1Be1H5,False
3459,Al1Be4Cu1,False
3462,Al1Be4Ni1,True
3464,Al1Bi12O20,False
3471,Al1Bi1Cu2O7Sr2,False
3485,Al1Bi3O9,False
3486,Al1Bi4Cl4,True
3515,Al1Br6Hg1K2,False
3529,Al1C10H22N2Na1O12,False
3535,Al1C1Ce3,True
3536,Al1C1Co3,False
3538,Al1C1Cr2,True
3540,Al1C1Er3,True
3547,Al1C1Ho3,True
3550,Al1C1K2O7P1,False
3555,Al1C1Mg30O32,False
3563,Al1C1Nb1Ti1,False
3566,Al1C1Nd3,False
3580,Al1C1V2,True
3589,Al1C2Cl4H8P1,True
3590,Al1C2Co1N2O8P2,False
3594,Al1C2H20N1O14S2,False
3602,Al1C3Cl2H9O1Si1,True
3608,Al1C3H12N3,False
3610,Al1C3N1O9P3,False
3613,Al1C3Ta4,True
3618,Al1C4F4H14N1O1,False
3623,Al1C6Cl3H18P2,True
3624,Al1C6Cl3H1N1Si2,False
3632,Al1Ca10Nb1O50Si10Ti8,False
3633,Al1Ca10O50Si10Ta1Ti8,False
3648,Al1Ca1Fe1Na1O12Si4,False
3649,Al1Ca1Fe3O7,False
3652,Al1Ca1H1O5Si1,False
3655,Al1Ca1Li1N2,True
3671,Al1Ca2Cl1H10O8,False
3679,Al1Ca2F8O1Pb1,False
3686,Al1Ca2Na5O16P4,True
3688,Al1Ca2O12Si4,False
3694,Al1Ca2O7Si2,False
3699,Al1Ca2Zn16,False
3701,Al1Ca3F1O14Si3Ti2,False
3703,Al1Ca3Fe1O12Si1Zr2,True
3706,Al1Ca3K1Mg3O24Si8,False
3707,Al1Ca3N3,True
3715,Al1Ca5Nb1O25Si5Ti3,False
3722,Al1Cd1Cu3Se4,False
3723,Al1Cd1Er2,False
3730,Al1Cd1Pm2,True
3738,Al1Ce1Co4,False
3739,Al1Ce1Cu1,True
3757,Al1Ce1Ru1,True
3764,Al1Ce2Mg1,False
3765,Al1Ce2Mn3,False
3766,Al1Ce2N1O3,False
3771,Al1Ce3Fe1S7,False
3779,Al1Ce4Co25,False
3783,Al1Cl1Cu6H12O19S1,False
3790,Al1Cl1O8Sb3Se2,False
3795,Al1Cl2K1O1,False
3820,Al1Cl4Na1,True
3825,Al1Cl4Se2,True
3826,Al1Cl4Se4,True
3831,Al1Cl6Cs1K2,False
3832,Al1Cl6Cs1Rb2,False
3833,Al1Cl6Cs2Cu1,False
3845,Al1Cl6I1,True
3846,Al1Cl6I3,True
3851,Al1Cl6K2Rb1,False
3854,Al1Cl6N1S2,False
3860,Al1Cl7Se1,False
3863,Al1Cl9N3P3,False
3865,Al1Co1Cu2O7Sr2,False
3875,Al1Co1La3S7,False
3886,Al1Co1O8W2,False
3899,Al1Co25Pr4,False
3905,Al1Co2Gd2,True
3907,Al1Co2Li3O6,False
3910,Al1Co2Nb1,True
3922,Al1Co2Tb2,True
3924,Al1Co2U2,False
3929,Al1Co3Er2,False
3941,Al1Co4La1,False
3946,Al1Co4Tb1,False
3954,Al1Cr1Cu2O7Sr2,False
3957,Al1Cr1Fe2,False
3961,Al1Cr1Li1O4,False
3967,Al1Cr1Na2O14P4,False
3969,Al1Cr1Ni2,False
3977,Al1Cr2Ga1O7Sr2,False
3979,Al1Cr2H2Na1O8,False
3980,Al1Cr2K1O10,False
3983,Al1Cr2O4,False
3986,Al1Cr3Li4O8,False
3988,Al1Cr3O6,False
3992,Al1Cr4Cu1Se8,True
3996,Al1Cr6Si1,False
3998,Al1Cr8Ta3,False
3999,Al1Cs1,False
4005,Al1Cs1F6Pd1,False
4008,Al1Cs1Fe3O12Si3,False
4016,Al1Cs1Mg6O8,False
4017,Al1Cs1Mo2O8,True
4021,Al1Cs1O4Ti1,True
4023,Al1Cs1O8Ti3,False
4030,Al1Cs2Ga1H6,False
4041,Al1Cs2O12Te3,True
4048,Al1Cs6K3Sb4,True
4055,Al1Cu1F5,False
4066,Al1Cu1La1Ni3,False
4067,Al1Cu1La1O5Sr1,False
4076,Al1Cu1O2,True
4082,Al1Cu1Pr1,True
4085,Al1Cu1S2,True
4099,Al1Cu1Zr1,True
4100,Al1Cu2Fe1O7Sr2,False
4106,Al1Cu2Li1,True
4130,Al1Cu3Mn2,False
4134,Al1Cu3Ni4O12,False
4136,Al1Cu3O12Sn4,False
4147,Al1Cu4,False
4151,Al1Cu4Ho1,False
4153,Al1Cu4La1,True
4154,Al1Cu4Nd1,False
4158,Al1Cu4Tm1,False
4159,Al1Cu4Yb1,False
4162,Al1Dy1,True
4163,Al1Dy1Ga1,False
4168,Al1Dy1Ni4,True
4177,Al1Dy2Li1,False
4181,Al1Dy3,False
4200,Al1Er2,True
4203,Al1Er2Li1,False
4207,Al1Er2Zn1,False
4212,Al1Eu1,False
4213,Al1Eu1F5,True
4219,Al1Eu1Si1,True
4228,Al1F15Mn3,False
4229,Al1F15Mo3,False
4230,Al1F15Ni3,False
4231,Al1F15Sb3,False
4238,Al1F1K1Mg3O11Si3,False
4246,Al1F2Ge3K1Mg3O10,True
4248,Al1F2K1Mg3O10Si3,True
4253,Al1F3K2O4S1,True
4268,Al1F5H4Mg1O2,False
4269,Al1F5H4O2Zn1,False
4273,Al1F5Mg1O2,False
4277,Al1F5O1Rb2,False
4280,Al1F5Sm1,False
4282,Al1F5Sr1,True
4288,Al1F6H15N6,False
4289,Al1F6H15O6,True
4294,Al1F6H8N2Na1,False
4298,Al1F6Hg1Rb2,False
4301,Al1F6In1Na2,False
4303,Al1F6K1Na2,False
4304,Al1F6K1Ni1,True
4305,Al1F6K1Rb2,True
4313,Al1F6Li1Pd1,False
4321,Al1F6N3,False
4324,Al1F6Na2Rb1,False
4329,Al1F6Rb2Tl1,True
4332,Al1F7Mg1Na2,True
4338,Al1Fe13Nd6,False
4344,Al1Fe1La3S7,False
4353,Al1Fe1Mg14O16,False
4356,Al1Fe1Mg3O12Si3,False
4362,Al1Fe1O6Tb2,False
4363,Al1Fe1O8W2,False
4376,Al1Fe2Ge1,False
4380,Al1Fe2Mo1,False
4381,Al1Fe2Nb1,True
4382,Al1Fe2Ni1,False
4385,Al1Fe2O7Sr2Y1,False
4386,Al1Fe2Pa1,True
4392,Al1Fe2V1,True
4400,Al1Fe3Na4O8,False
4401,Al1Fe3O1,False
4408,Al1Fe4La3O12,False
4409,Al1Fe4Nb1,False
4420,Al1Ga1N2,False
4431,Al1Ga1P2,False
4436,Al1Ga1Sr1,False
4443,Al1Gd1,True
4451,Al1Gd1Rh1,True
4472,Al1Ge1Li1O4,True
4489,Al1Ge1Tb1,True
4490,Al1Ge1Th4,False
4493,Al1Ge1Y1,True
4494,Al1Ge2La1O7,True
4513,Al1Ge6Nd2,False
4519,Al1H11O10S1,True
4525,Al1H14N1O14Se1,True
4534,Al1H1Si1Sr1,True
4543,Al1H2Li1O5Si1,False
4551,Al1H3K1,False
4552,Al1H3O3,False
4556,Al1H4K1O9P2,False
4560,Al1H4Na1,True
4562,Al1H4O8Rb9,False
4577,Al1H6Li1Na2,True
4589,Al1H8Na5O8,False
4590,Al1Hf1,False
4599,Al1Hf1Pd1,False
4611,Al1Hf3Mo8,False
4637,Al1I2Pd5,False
4647,Al1I6K2Tl1,False
4658,Al1In1Sb2,False
4669,Al1Ir2Mg1,True
4670,Al1Ir2Mn1,True
4677,Al1K1Mg3O12Si3,False
4678,Al1K1Mo2O8,True
4687,Al1K1O6Si2,False
4692,Al1K1Sb4,True
4694,Al1K1Si2,False
4704,Al1K3P2,True
4707,Al1K6Na3Sb4,True
4708,Al1La1,True
4710,Al1La1Mg11,False
4715,Al1La1O3,True
4728,Al1La3Mg1O8Sr1,False
4731,Al1La3N1,True
4733,Al1La3O1,True
4737,Al1La3S7Zn1,False
4749,Al1Li1Mn1O4,False
4753,Al1Li1Na2P2,True
4754,Al1Li1Nd2,False
4759,Al1Li1O12P4,False
4760,Al1Li1O2,True
4766,Al1Li1O5Si1,False
4769,Al1Li1O8Si3,False
4775,Al1Li1Pt2,True
4797,Al1Li2Pr1,False
4799,Al1Li2Rh1,False
4800,Al1Li2Si1,False
4803,Al1Li3,False
4806,Al1Li3Na2O24P6Ti3,False
4815,Al1Li9Ni2O8,False
4823,Al1Lu2Ni2,True
4831,Al1Lu3Ni8,False
4834,Al1Mg149,True
4836,Al1Mg14Na1O16,False
4839,Al1Mg14O16Rb1,False
4841,Al1Mg14O16Sn1,False
4848,Al1Mg1Nd2,True
4851,Al1Mg1O3,False
4854,Al1Mg1Pm2,True
4858,Al1Mg1Si1,False
4859,Al1Mg1Sm2,True
4860,Al1Mg1Tm2,True
4864,Al1Mg3,False
4866,Al1Mg30Na1O32,False
4869,Al1Mg30O32Rb1,False
4870,Al1Mg30O32Si1,False
4875,Al1Mg30O32Y1,False
4877,Al1Mg3Mo5Na1O20,True
4887,Al1Mn1Ni6,False
4889,Al1Mn1O5Si1,True
4901,Al1Mn1Tb1,False
4902,Al1Mn1Tc1,False
4908,Al1Mn2Nb1,False
4913,Al1Mn2Re1,True
4914,Al1Mn2S4,False
4916,Al1Mn2Ti1,True
4919,Al1Mn3,False
4924,Al1Mn8Nb3,True
4929,Al1Mo1O7V1,True
4939,Al1Mo3Nb3Sn1,False
4953,Al1N1Ti3,False
4955,Al1N1Zr2,False
4960,Al1N3Nd8O15Si3,False
4970,Al1N7Si4Sr1,False
4972,Al1Na1O2,True
4974,Al1Na1O3,False
4982,Al1Na1Se2,True
4984,Al1Na1Si4,False
4985,Al1Na1Te2,True
4987,Al1Na3,False
4993,Al1Na3Si1Te4,False
4995,Al1Na5O4,True
5000,Al1Nb1O8Sr4,True
5009,Al1Nb3Sn1V3,False
5011,Al1Nb6Sb1,False
5019,Al1Nd1Pd1,True
5027,Al1Nd3,False
5031,Al1Ni12Pt3,False
5037,Al1Ni1Pu1,False
5051,Al1Ni2O4,False
5052,Al1Ni2O7Sr2Y1,False
5053,Al1Ni2Pr2,False
5054,Al1Ni2S4,False
5056,Al1Ni2Si1,False
5066,Al1Ni3O6,False
5085,Al1O10Se1,False
5088,Al1O12S2,False
5091,Al1O20Rb1S2,False
5099,Al1O3Rb1,False
5105,Al1O3Sm1,True
5111,Al1O3Tm1,False
5122,Al1O4Si1Tl1,True
5137,Al1O6Ta1Ti1,False
5142,Al1O7Sr2Ti2Y1,False
5150,Al1O8Si3,False
5158,Al1O9P3,True
5159,Al1Os1,False
5167,Al1P1Pd4,True
5184,Al1Pd1Y1,True
5206,Al1Pt1,True
5223,Al1Pu3,False
5224,Al1Rb1,False
5225,Al1Rb3,False
5234,Al1Rh1U1,False
5235,Al1Rh1Zr1,False
5238,Al1Rh2Zn1,True
5239,Al1Rh2Zr1,False
5240,Al1Rh3,False
5256,Al1Sb1V6,False
5257,Al1Sb3Sr3,True
5261,Al1Sc2,True
5273,Al1Si1Tm1,True
5277,Al1Si2Y2,True
5287,Al1Sn1V6,False
5289,Al1Sn3Zr5,True
5293,Al1Ta1Zn1,True
5296,Al1Tb2,True
5298,Al1Tc1Ti2,True
5307,Al1Ti2V1,False
5317,Al1V3,True
5321,Al1Y1Zn1,True
5327,Al1Zr1,False
5329,Al1Zr3,True
5332,Al20Ca1Cr2,True
5336,Al20Ce1V2,True
5339,Al20Cr2La1,True
5343,Al20Cr2U1,True
5344,Al20Cr2Y1,False
5348,Al20Fe1U2,False
5349,Al20La1Ti2,True
5355,Al20Pr1V2,True
5358,Al20Ti2Yb1,True
5361,Al21Pt5,False
5362,Al21Pt8,True
5372,Al23B50,True
5376,Al23Ni6Yb4,True
5385,Al24Pd9Tb4,True
5387,Al25Cs1Mg12O108Si29,False
5390,Al2As2Ca2F4Na1O11,False
5391,Al2As2Cs2O7,True
5393,Al2As3K3,True
5399,Al2As4Eu3,True
5403,Al2Au2Ce1,True
5412,Al2Au3Sr1,True
5414,Al2B1Ca2Fe1H1O16Si4,False
5421,Al2B1Re3,False
5425,Al2B2Cr1Mo1,False
5426,Al2B2Cs2O7,True
5427,Al2B2K2O7,True
5429,Al2B2O7Rb2,True
5434,Al2B8Ba4Br3Na1O18,True
5439,Al2Ba1Cl8,True
5442,Al2Ba1Ge2O8,True
5444,Al2Ba1N5O2Si1Yb1,False
5449,Al2Ba1O4,True
5451,Al2Ba1O7Sb2,True
5456,Al2Ba1Si2,True
5457,Al2Ba1Te4,True
5459,Al2Ba2Co1F14Mn1,False
5465,Al2Ba3N4,True
5488,Al2Be3H1O18Si6,False
5503,Al2Br1H6Li1O6,True
5507,Al2Br8Cd1,True
5508,Al2Br8Ti1,False
5517,Al2C1Nb3,True
5520,Al2C1Ta3,False
5523,Al2C2H1O10Pb1,False
5535,Al2C4Cl7O4Rh1,False
5536,Al2C4H17N2O12P3,False
5537,Al2Ca1,True
5539,Al2Ca1Ce1Fe1O13Si3,False
5540,Al2Ca1Cl2O8Si2,False
5546,Al2Ca1F8,False
5548,Al2Ca1Ga2,True
5559,Al2Ca1H4O8Si1,False
5568,Al2Ca1O12Si3,False
5575,Al2Ca1O4,False
5578,Al2Ca1O8Si2W2,False
5587,Al2Ca2Fe1O13Si3,False
5618,Al2Ca5N8Si2,True
5622,Al2Ca6Mg5O36Si11,False
5634,Al2Ce1Ga2,True
5651,Al2Ce5Ru3,True
5655,Al2Cl1Na4O24Si6,False
5657,Al2Cl3K6Na3O26Si8Ti2,False
5672,Al2Cl8Ti1,False
5690,Al2Co3Ge1O8,False
5692,Al2Co3Th1,False
5696,Al2Cr1Li3O6,False
5700,Al2Cr3Cu1S8,True
5713,Al2Cu1Mg1,True
5715,Al2Cu1Mn2,False
5717,Al2Cu1O4,False
5726,Al2Cu3Se6,False
5740,Al2Dy3Ni6,True
5761,Al2Eu1Se4,True
5762,Al2Eu1Si2,True
5763,Al2Eu2O5,False
5764,Al2Eu2O7Sr1,False
5770,Al2F12Pb3,True
5783,Al2F3Na3O8P2,True
5788,Al2Fe15Pr2,False
5790,Al2Fe15Tm2,False
5801,Al2Fe1O18P2,False
5805,Al2Fe1Zr6,False
5807,Al2Fe3O12Si3,False
5814,Al2Ga1O12P3,False
5819,Al2Ga2Sr1,True
5828,Al2Gd3H9Ni6,False
5829,Al2Gd3Ni6,True
5833,Al2Ge1O6,False
5844,Al2Ge3Mn3O12,True
5849,Al2H10Ni1Zr6,False
5850,Al2H10O17S3,False
5851,Al2H11O13P3,False
5859,Al2H1Li2O14Si4,False
5863,Al2H2K1O12Si4,False
5869,Al2H3O9P3,False
5871,Al2H4K1O11P2,False
5873,Al2H4O11P2,False
5877,Al2H6N1O11P2,False
5878,Al2H6Na2O13Si3,False
5880,Al2H8Mg1,False
5881,Al2H8Mn9O32Si8,True
5883,Al2H8N2O9Si2,False
5886,Al2H9Ni6Y3,False
5887,Al2Hf1,True
5888,Al2Hf1Zn1,True
5895,Al2Hg5Se8,False
5899,Al2Ho1Pm1,False
5900,Al2Ho1Sc1,False
5906,Al2Ho3Ni6,True
5908,Al2I1La2,True
5929,Al2La1,True
5930,Al2La1N9O1Si5,False
5938,Al2Li1Os1,False
5949,Al2Li3Na1O24P6Ti2,False
5950,Al2Li3O6V1,False
5958,Al2Mg1N1O12P3,False
5959,Al2Mg1O10P2,False
5963,Al2Mg1Pr3,False
5968,Al2Mg1Sn2,False
5972,Al2Mg3O12Si3,False
5980,Al2Mn1Te4,True
6000,Al2Na2O12Si3,False
6019,Al2Ni1Ru1,True
6026,Al2Ni1Zr6,False
6027,Al2Ni2O7,False
6029,Al2Ni3O12Si3,False
6034,Al2Ni6Tm3,True
6039,Al2Np1,True
6040,Al2Np1Pd5,False
6043,Al2O10Rb2Si3,False
6060,Al2O16W5,False
6062,Al2O21Si6Sr1,False
6067,Al2O4Zn1,True
6076,Al2O7Si1Sr2,True
6083,Al2O8Pb1Si2,True
6084,Al2O8Si2Sr1,True
6094,Al2Os1Rh1,False
6098,Al2Pb1Se4,True
6099,Al2Pb2Sr1,False
6100,Al2Pd1,False
6103,Al2Pd1Yb1,True
6110,Al2Pm1Y1,False
6111,Al2Pr1,True
6117,Al2Pu1,False
6121,Al2S14Si1Y6,False
6122,Al2S2Se2Zn1,False
6126,Al2S5Zn2,False
6131,Al2Se3,True
6133,Al2Se4Zn1,True
6134,Al2Si2Sm1,False
6140,Al2Si3U3,False
6144,Al2Sn1,False
6153,Al2Te5,True
6154,Al2Th1,True
6165,Al2Y3,False
6173,Al31Mn6Ni2,False
6174,Al32K6O51,False
6177,Al37Cu2Fe12,True
6186,Al3As8Fe1O28Tl4,True
6202,Al3B1H4Na4O12Si3,True
6203,Al3B1Mg1O9Si1,True
6210,Al3B4Eu1O12,True
6214,Al3B4O12Pr1,False
6226,Al3Ba1Er1N4O3Si1,False
6233,Al3Ba2N11O3Si5Tm2,False
6238,Al3Ba5F19,False
6239,Al3Be1,False
6250,Al3Br12Sm1,True
6255,Al3C12H36Ho1,False
6257,Al3C1H7N1O13P3,False
6266,Al3C3Co1W9,False
6269,Al3C3Gd1,True
6271,Al3C3H9N1O14P3,False
6275,Al3C3Ta2V4,False
6276,Al3C3Tb1,True
6279,Al3C3Y1,True
6280,Al3C3Yb1,False
6281,Al3C4Hf2,True
6285,Al3C4W3,False
6291,Al3C5Zr3,True
6299,Al3Ca1Na3O16S1Si3,False
6300,Al3Ca1Nd1O7,True
6310,Al3Ca2O14Si3,False
6322,Al3Ce1Cu1,True
6323,Al3Ce1Ni2,True
6334,Al3Ce3Pd2Pt1,False
6338,Al3Cl12Na1Ni1,True
6339,Al3Cl12Tb1,True
6342,Al3Cl1Ge3Na4O12,True
6346,Al3Cl1Na4O12Si3,True
6351,Al3Co14Y2,False
6359,Al3Co1Tb2,False
6361,Al3Co3Si4,True
6367,Al3Cr2Na1O14,False
6369,Al3Cr2O12Yb3,False
6375,Al3Cs2F12Li1,True
6377,Al3Cu1,False
6396,Al3Dy2Ge4,False
6398,Al3Dy3O12Sc2,True
6400,Al3Er1N4O3Si1Sr1,False
6404,Al3Er2Ge4,False
6412,Al3Eu1Si1,False
6420,Al3F19Pb5,False
6428,Al3Fe11Sm6,True
6442,Al3Fe2Si3,False
6443,Al3Fe3Na6O24Te4,True
6446,Al3Ga1La2Pd4,False
6453,Al3Ga3Nb2,False
6497,Al3H6O11P2,False
6507,Al3Hf2Zn1,True
6508,Al3Hf4,True
6509,Al3Hf5,False
6511,Al3Ho1,True
6528,Al3La1,True
6534,Al3La20O52Si9,False
6546,Al3Li8Si5,False
6561,Al3N1Na2O13Si3,False
6563,Al3N1Na4O13Si3,False
6566,Al3N1O3,False
6572,Al3N4Zr1,False
6576,Al3Na1O14P2,False
6579,Al3Na3O16Si3,False
6592,Al3Ni1,True
6596,Al3Ni1Sm1,True
6599,Al3Ni2,True
6602,Al3Ni2Sm1,True
6603,Al3Ni2Tb1,True
6608,Al3Ni5,True
6611,Al3O10Si2,False
6612,Al3O12Sc2Sm3,True
6634,Al3Pd1,False
6639,Al3Pd4Si1,True
6641,Al3Pm1,True
6646,Al3Pt5,True
6649,Al3Ru1Sc2,True
6661,Al3Sn3U2,False
6664,Al3Tc1,False
6674,Al3Zn1,False
6686,Al43Cr4Dy6,True
6693,Al43Cr4U6,False
6694,Al43Cr4Y6,True
6697,Al43Dy6Nb4,True
6705,Al43Er6Ta4,True
6709,Al43Gd6Ta4,False
6712,Al43Ho6Nb4,True
6714,Al43Ho6Ti4,True
6716,Al43Ho6W4,True
6717,Al43Lu6Mo4,True
6726,Al43Mo4Sm6,True
6733,Al43Nb4Sm6,True
6744,Al43Sm6Ti4,True
6751,Al43Ta4Yb6,True
6760,Al43U6W4,True
6771,Al4Au1Ge2Nd1,True
6783,Al4Ba1O12Sb2,True
6786,Al4Ba1Se7,False
6794,Al4Ba6Gd2O15,True
6795,Al4Ba6Lu2O15,True
6814,Al4C1Ni12,False
6817,Al4C3,True
6847,Al4Ca2O31Si8,False
6854,Al4Ce1,False
6859,Al4Ce1Lu1,False
6865,Al4Ce1Sc1,False
6866,Al4Ce1Y1,False
6891,Al4Dy1Ni1,True
6897,Al4Er1Mo2,False
6899,Al4Er1Y1,False
6912,Al4Fe1O12Si2,False
6917,Al4Fe5H4K2O24Si5,False
6923,Al4Gd1Lu1,False
6926,Al4Gd1Pr1,False
6935,Al4H10Na4O13,False
6941,Al4Ho1Nd1,False
6957,Al4La1U1,False
6972,Al4Mg1Y1,False
6973,Al4Mg2O18Si5,True
6974,Al4Mg2Zn3,False
6976,Al4Mn13O28Sb2Si2,True
6979,Al4Mn9V3,False
6987,Al4Na3O8,False
6989,Al4Nd1Pr1,True
6994,Al4Ni15Ta1,False
7000,Al4Ni1Tm1,True
7003,Al4Ni3O12,False
7010,Al4O21Rb6Sb6,False
7013,Al4O28Sb2Si2V13,False
7039,Al56Ge3Mn14,True
7040,Al5B12Ni41,False
7042,Al5Ba1O9,False
7045,Al5Ba5Pb1,True
7046,Al5Ba5Sn1,True
7059,Al5Co2,True
7060,Al5Co3O12,False
7064,Al5Cu3F6O21Si6,False
7080,Al5Fe9La6,True
7082,Al5Gd3O12,True
7089,Al5Ho9Se21,False
7092,Al5La2O24Sr6Ta3,True
7099,Al5Mg3Sr4,False
7105,Al5Nd9Se21,True
7110,Al5O12Sm3,True
7113,Al5O12Y3,True
7118,Al5Pr9S21,True
7148,Al6B4Cu2O17,False
7149,Al6B5F3O15,True
7160,Al6C1Na8O27Si6,True
7169,Al6Ca2H16Na2O38Si9,False
7172,Al6Ca4Cr1O16,True
7173,Al6Ca4Mo1O16,True
7190,Al6Cr6Gd1,False
7203,Al6Dy2Pt1Si4,True
7204,Al6Er1Fe6,True
7208,Al6F21Na1Rb2,True
7230,Al6Ho1Mn6,False
7232,Al6La1Pr1,False
7234,Al6Lu1Mn6,False
7237,Al6Mn1,True
7249,Al6Na8O25Si6,False
7251,Al6Nb1Ta1,False
7255,Al6O12S1Sr4,True
7262,Al6O1Zr10,False
7266,Al6Re1,False
7269,Al6Ta1Ti1,False
7270,Al6Tc1,False
7282,Al7Au3Pr1,True
7285,Al7Au3Tm1,True
7286,Al7Au3Yb1,True
7309,Al7Cu1Pr2,False
7312,Al7Cu2Ru1,True
7313,Al7Cu2Y3,True
7319,Al7Fe4Ga1U1,False
7322,Al7Fe5Tb1,False
7327,Al7Ho12Si1,False
7349,Al8Au5Si2Th2,True
7352,Al8Be1Mg3O16,True
7356,Al8Ca1Co2,True
7367,Al8Ce1Fe2,True
7385,Al8Cu4Eu1,True
7406,Al8F5H34N7O36P8,False
7416,Al8Fe4Pr1,True
7417,Al8Fe4Sc1,True
7418,Al8Fe4Tb1,True
7428,Al8La3Sc1,False
7431,Al8La7O24Y1,False
7437,Al8Mn5,False
7441,Al8O19Sr1Ti3,True
7450,Al9Ba2Ca3,False
7451,Al9Ba36Sn23,False
7457,Al9Ce2Ir3,True
7460,Al9Co2Eu1,True
7478,Al9Er2Rh3,True
7483,Al9Fe3Sm1,True
7490,Al9Ho2Ir3,True
7491,Al9Ho2Pd3,True
7492,Al9Ir2,True
7495,Al9Ir3Nd2,True
7503,Al9K1Mg4O36Si9,False
7512,Al9Ni2Sr1,False
7516,Al9Pr2Rh3,True
7525,As10Ba4Fe10K1,False
7528,As10Ca5Cu19,False
7531,As10Fe4O22Pb1,True
7535,As11Ca14Mn1,True
7537,As11Ga1Sr14,True
7546,As12Ce1Fe4,True
7560,As12Nd1Os4,False
7562,As12Ni16Pr5Zr3,True
7566,As12Ni16Y5Zr3,True
7569,As12Ni2Re5,True
7570,As12Os4Th1,True
7571,As12Pr1Ru4,False
7576,As13Er6Ni20,True
7600,As1Au1Bi8Cl9,True
7610,As1Au1Cs2I6,False
7623,As1Au1O4,True
7624,As1Au1Sr1,True
7636,As1B1Co1Na2O7,False
7637,As1B1Co1Na3O7,False
7640,As1B1Cs3P1,False
7641,As1B1Cu1Na3O7,False
7643,As1B1Fe1Li2O7,False
7645,As1B1Fe1Na2O7,False
7650,As1B1Mn1Na3O7,False
7653,As1B1Na3Ni1O7,False
7654,As1B1Na3O7Sb1,False
7658,As1B2Ba2F18H3,True
7663,As1B4Fe2Na6O16,False
7672,As1Ba1Hf2,False
7688,As1Ba3Sb1,False
7694,As1Be1Ru2,False
7701,As1Bi1C1Na3O7,False
7703,As1Bi1Ca1O6,False
7710,As1Bi1Ga2,False
7720,As1Bi1O5Zn1,False
7724,As1Bi2C4Na4O16,False
7733,As1Br1F8O1,True
7740,As1Br3,True
7741,As1Br3Ca3,True
7746,As1Br3F6Te1,False
7747,As1Br3La3,True
7749,As1Br5F6,False
7762,As1Br6In1K2,False
7764,As1Br6K1Rb2,False
7766,As1Br6K2Rb1,False
7770,As1Br6Na3,False
7780,As1C1Cr1Li1O7,False
7782,As1C1Cr1Na1O7,False
7794,As1C1F5N2O1S2,False
7805,As1C1Fe1Na3O7,True
7806,As1C1H8N3O4,False
7807,As1C1K2O7P1,False
7810,As1C1Li1O7V1,False
7815,As1C1Li3Mn1O7,False
7817,As1C1Mn1Na1O7,False
7818,As1C1Mn1Na2O7,True
7819,As1C1Mn1Na3O7,True
7820,As1C1Na1O7Sb1,False
7830,As1C1Na3O7V1,False
7835,As1C2Cs1H6Se2,False
7841,As1C2F9O3S2,False
7843,As1C3Cl3F7N3,False
7844,As1C3F10N1S3,False
7850,As1C4Cl2F13O2S2,False
7860,As1C4Fe2Na6O16,False
7868,As1C4Na6O16V2,False
7877,As1C9Cd1H27I2Si3,False
7878,As1C9H27Si3,False
7892,As1Ca1H3O5,False
7905,As1Ca1O5Sn1,False
7914,As1Ca2,False
7915,As1Ca2Cl1O4,True
7929,As1Cd1K1,True
7938,As1Cd2H1O5,True
7947,As1Ce1F1O5,False
7958,As1Ce1Se1,True
7965,As1Cl1Co2O4,True
7969,As1Cl1F8,True
7972,As1Cl1Hg3O4,False
7977,As1Cl2Hg2,False
7984,As1Cl3F6S1,True
7989,As1Cl3O1,True
7995,As1Cl6Cs2Cu1,False
7996,As1Cl6Cs2Hg1,False
7999,As1Cl6Cs2Na1,False
8012,As1Cl6K3,False
8014,As1Cl6Na3,False
8017,As1Co1,True
8021,As1Co1Fe1Ti1,False
8025,As1Co1Li1,True
8033,As1Co1O5,False
8039,As1Co1Ti1,False
8040,As1Co1V1,True
8043,As1Co2Cr1,False
8067,As1Cr3N2O13,False
8069,As1Cs1Eu1S3,True
8071,As1Cs1F4,True
8073,As1Cs1F6,True
8080,As1Cs1K2,False
8086,As1Cs2F6Hg1,False
8098,As1Cs2Li1O4,True
8099,As1Cs2Na1O4,True
8100,As1Cs2Te3,True
8101,As1Cs3,True
8102,As1Cs3Ge1Se5,True
8106,As1Cs3P3Se9,True
8108,As1Cs4H5O16Se3,False
8110,As1Cs7Mo8O30,True
8112,As1Cu12S16Sb3,False
8122,As1Cu1H1O5Zn1,False
8125,As1Cu1K2,True
8135,As1Cu1O4Tl1,True
8136,As1Cu1O4Tl2,False
8138,As1Cu1O5Zn1,False
8142,As1Cu1Se1,True
8148,As1Cu1Zn1,False
8152,As1Cu2Mg1O7,False
8156,As1Cu3S4,True
8158,As1Cu4K1S4,True
8170,As1Er1Ni1,True
8171,As1Er1O1Zn1,True
8172,As1Er1O4,True
8173,As1Er1Pd1,True
8174,As1Er1Pt1,False
8179,As1Er5Ga2,False
8181,As1Eu1K1S3,False
8182,As1Eu1K1S4,True
8184,As1Eu1Li1S3,False
8190,As1Eu1Rb1S3,True
8192,As1F10H2N1S1,False
8200,As1F1N1O4V1,False
8202,As1F1Sr1Zn1,True
8203,As1F2K1O4Sb1,False
8204,As1F2N1O4Sb1,False
8207,As1F4K1O2,False
8219,As1F6Hg1Rb2,False
8228,As1F6I5,True
8229,As1F6In1,False
8230,As1F6In1K2,False
8231,As1F6In1Na2,False
8234,As1F6K1Na2,False
8238,As1F6K2Rb1,False
8240,As1F6K3,False
8241,As1F6Li1,True
8242,As1F6Li1Na2,False
8243,As1F6Li1Rb2,True
8244,As1F6Li2Na1,False
8245,As1F6Li3,False
8251,As1F6N2S3,False
8255,As1F6N5S6,False
8256,As1F6Na1,True
8257,As1F6Na1Rb2,True
8261,As1F6Rb1,True
8264,As1F6S4,True
8265,As1F6Se2Te1,False
8267,As1F6Se4Te1,False
8268,As1F6Tl1,True
8271,As1F7N2,True
8275,As1F9N2O1S2,False
8277,As1Fe1,True
8280,As1Fe1Gd1O1,False
8285,As1Fe1Li1,True
8287,As1Fe1Mg1O5,False
8290,As1Fe1Nd1O1,False
8296,As1Fe1O3Sr2V1,False
8309,As1Fe2P1,False
8311,As1Fe5Si1,False
8315,As1Ga1O6,False
8321,As1Ga2Rh5,True
8325,As1Gd1Ni1,True
8326,As1Gd1O1Zn1,True
8328,As1Gd1O4,True
8334,As1Ge1Nb1,False
8341,As1H12K1Mg1O10,False
8351,As1H18N3O7,True
8356,As1H1O4Pb1,True
8358,As1H1O5Zn2,True
8361,As1H2In1O5,True
8368,As1H3Mn1O5,True
8372,As1H4In1O6,False
8379,As1H8Li1O10U1,False
8381,As1H8Na2O10P1,False
8383,As1Hf1,True
8384,As1Hf1Ni1,True
8392,As1Hg1I6K2,False
8399,As1Hg1Pd5,True
8403,As1Hg3I1Se4,True
8409,As1Ho1Ni1,True
8411,As1Ho1Pd1,True
8412,As1Ho1Pt1,True
8413,As1Ho1S1,True
8421,As1I3La3,True
8428,As1I6K3,False
8437,As1In2Pt8,True
8438,As1In2Sb1,False
8439,As1In2Se1,False
8447,As1Ir1Zr1,True
8448,As1K1,True
8458,As1K1O2,True
8463,As1K1O5V1,True
8464,As1K1O9W2,True
8472,As1K3,True
8474,As1K3O4,True
8477,As1K3S3,True
8481,As1K3Se4,True
8497,As1Li1Mg1,True
8498,As1Li1Mg1O4,False
8506,As1Li1O4Rb2,True
8508,As1Li1O5Ti1,True
8512,As1Li1S2,True
8519,As1Li2O10P1Ti2,False
8524,As1Lu1,True
8530,As1Mg1Mo1O5,False
8534,As1Mg1O5Sb1,False
8541,As1Mg2,False
8542,As1Mg2Na2,False
8551,As1Mn1O5Zn1,False
8558,As1Mn1Tc2,False
8560,As1Mn1V1,False
8564,As1Mn3,False
8569,As1Mn4Sb3,False
8571,As1Mo1,False
8573,As1Mo1Na1O8,False
8574,As1Mo1O5,False
8576,As1Mo2P3,False
8577,As1N1O19P1U2,False
8588,As1Na1,True
8592,As1Na1O3,False
8595,As1Na1O5V1,True
8598,As1Na1Se2,True
8600,As1Na1Zn1,True
8601,As1Na2Nb1O6,True
8608,As1Na3O8S4,False
8609,As1Na3S3,True
8610,As1Na3Se3,True
8614,As1Nb1Ni1,True
8619,As1Nb3,True
8626,As1Nd1O2,False
8628,As1Nd1Pd1,True
8637,As1Ni1Rh1,True
8638,As1Ni1S1,True
8647,As1Ni1Zr1,True
8648,As1Ni2Si1,False
8651,As1Np1,True
8653,As1Np1Se1,True
8654,As1Np1Te1,True
8657,As1O1Y1Zn1,True
8661,As1O3Rb1,False
8673,As1O4Sn1,False
8686,As1O5Rb1Ti1,True
8691,As1O5Sr1,False
8693,As1O5Ti1Tl1,True
8695,As1O5V1,True
8696,As1O5V1Zn1,False
8703,As1O9Rb1U1,False
8715,As1Pb2Pd3,True
8722,As1Pd1Sm1,True
8724,As1Pd1Tb1,True
8735,As1Pd6Sn1,False
8739,As1Pr1Se1,True
8740,As1Pr1Te1,True
8743,As1Pt1Sr1,True
8749,As1Pt5Zn1,True
8757,As1Rh1,False
8763,As1Rh2,True
8767,As1Ru1Ta1,False
8781,As1S1Yb1,False
8786,As1S4Tl3,True
8787,As1S6Sb3,False
8794,As1Sc3,False
8804,As1Se2Tl1,True
8812,As1Si3,False
8816,As1Sn3,False
8829,As1Te1U1,True
8832,As1Ti1Zr1,True
8833,As1Ti3,True
8840,As1Y1,True
8848,As22Ba13Si6Sn8,True
8849,As23Cu44Eu7,True
8858,As2Au1Pr1,True
8864,As2Ba1Cd1O7,True
8867,As2Ba1Co2,True
8871,As2Ba1Cu2,True
8879,As2Ba1Ge2,True
8886,As2Ba1O10V2,False
8890,As2Ba1O8V1,True
8909,As2Ba3,False
8910,As2Ba3H14O7S8,False
8919,As2Be1K4,True
8925,As2Be3H10N2O10,False
8927,As2Bi1O7,False
8930,As2Bi2Co1Fe1O12,False
8935,As2Br3C16Cu3H16N2O2,False
8936,As2Br3Cd4,True
8941,As2C12F12N12Zn1,False
8948,As2C20Co2Cr3O20,False
8953,As2C7Cl2H22O4Sn2,False
8954,As2Ca1Cd2,True
8955,As2Ca1Co1O7,False
8956,As2Ca1Co2,True
8958,As2Ca1Cu1O7,False
8961,As2Ca1F12,True
8962,As2Ca1F13H1,True
8963,As2Ca1F18H6,True
8968,As2Ca1Fe2O10,False
8981,As2Ca1O7Ti1,False
8983,As2Ca1O7W1,False
8988,As2Ca2Cu1H4O10,False
8991,As2Ca2H4O10Zn1,False
8992,As2Ca2Mn1O10,False
8996,As2Ca3O18,False
9001,As2Cd1F12N12O6S18,False
9011,As2Cd1Sr2,True
9019,As2Cd4I3,False
9022,As2Ce1K3O8,False
9024,As2Ce1Ni2,True
9030,As2Cl13Sb1,True
9035,As2Cl2In2O5,True
9036,As2Cl3Cu1Hg3,False
9037,As2Cl3F5O1,True
9039,As2Cl4Fe1O8Pb4,False
9044,As2Cl7Cu1O6Pb6,True
9050,As2Co1Fe2O14,False
9051,As2Co1Ge1,False
9055,As2Co1Ni1S2,False
9061,As2Co1U1,True
9062,As2Co1Zr6,True
9067,As2Co2K1,True
9068,As2Co2La1,True
9076,As2Co2Sr1,True
9086,As2Cr1Fe3,False
9096,As2Cr3Fe3Ge1,False
9097,As2Cr3Fe3Si1,False
9098,As2Cr3Sb1,False
9099,As2Cs1Fe2,True
9105,As2Cs1Se3,True
9107,As2Cs2Ni1,True
9120,As2Cu13S16Sn1V1,True
9123,As2Cu1Er1,True
9124,As2Cu1F12O8S4,False
9128,As2Cu1Fe2O14,False
9130,As2Cu1Gd1,True
9131,As2Cu1H16O20U2,True
9137,As2Cu1Lu1Zn1,False
9140,As2Cu1O4,False
9143,As2Cu1O7Sr1,False
9148,As2Cu1Tb1,True
9152,As2Cu1Y1,True
9155,As2Cu1Yb1Zn1,False
9159,As2Cu2Sr1,True
9163,As2Cu3K3,True
9166,As2Cu4K1,True
9178,As2Eu1Fe2,True
9184,As2Eu1Pt2,False
9185,As2Eu1Rh2,True
9192,As2F12Hg3,True
9203,As2F12O2S1Te3,False
9209,As2F12Te7,False
9211,As2F14H2Hg1,True
9212,As2F16N4Ni1O8S6,False
9214,As2F18Sb2Sn1,False
9221,As2Fe1,True
9232,As2Fe1O7,False
9233,As2Fe1O7Zn1,False
9235,As2Fe1O9Pb2,False
9247,As2Fe2Sr1,True
9263,As2Gd4O9,False
9266,As2Ge1K2,True
9267,As2Ge1Mg1,False
9268,As2Ge1Mn1,False
9281,As2H31K1Mg2O23,False
9297,As2Hg3O8,True
9302,As2Ho1O2,False
9303,As2Ho2Ni1,False
9305,As2In1K2Li1,True
9310,As2In1O7Rb1,True
9311,As2In1O7Tl1,True
9314,As2Ir2K1,True
9315,As2Ir2La1,True
9321,As2K2Mo1O9,True
9329,As2K2Se9Sm2,True
9336,As2K3S8Sm1,True
9341,As2K6O23U5,True
9342,As2K7O39W8,False
9343,As2La1,True
9350,As2La1Ru2,True
9356,As2Li2Nd1,False
9363,As2Lu1Ni4,True
9370,As2Mg1O7Sn1,False
9371,As2Mg1O7Ti1,False
9372,As2Mg1O7V1,False
9375,As2Mg1Si1,False
9376,As2Mg1Sn1,True
9387,As2Mn1O2Sr2Zn2,True
9391,As2Mn1O7Zn1,False
9399,As2Mn2Zn1,False
9401,As2Mn3O14,False
9402,As2Mn5O12,False
9407,As2Mo1O9Rb2,True
9422,As2Na3O14Sb3,True
9426,As2Na5O18,False
9430,As2Nd1,False
9435,As2Ni1O4,True
9441,As2Ni1Tb2,False
9445,As2Ni2O7,False
9447,As2Ni2Pr1,True
9455,As2Ni4Y1,True
9461,As2O10Pb1Zn2,False
9463,As2O10Zn3,False
9464,As2O10Zr1,False
9468,As2O12U1,False
9472,As2O14Pb3Te1Zn3,True
9483,As2O2Yb1,False
9489,As2O5Pb2,True
9495,As2O6Zn3,True
9505,As2O7Ti1Zn1,False
9509,As2O7W1Zn1,False
9513,As2O8Sr1,False
9516,As2O8Zn3,True
9524,As2O9V3,False
9539,As2Pd2Sr1,True
9545,As2Pt1,True
9562,As2Sb2Th3,False
9563,As2Sc3,True
9566,As2Se3,True
9571,As2Sr1Zn2,True
9585,As2W1,False
9586,As2Yb1Zn2,True
9610,As3Bi1Ga4,False
9611,As3Bi2K3O12,True
9613,As3Br1Cd2,False
9614,As3Br1Hg2,False
9615,As3Br1O12Pb5,True
9616,As3Br1O6Pb2,True
9621,As3C3N3O13Zn4,False
9630,As3Ca2Cl1O12Pb3,True
9635,As3Ca4H9O16,False
9636,As3Ca5,True
9641,As3Cd1,False
9643,As3Cd2I1,False
9654,As3Cl2O24P3Pb10,False
9672,As3Cs1O8,True
9674,As3Cs2,True
9676,As3Cs5Si1,True
9693,As3Eu2,False
9700,As3F18K1Mn1,True
9702,As3F18K1Zn1,True
9709,As3Fe2Li3O12,True
9714,As3Ga1,False
9718,As3Ga2Na2,True
9719,As3Ge1,False
9730,As3H2Na3O10,False
9739,As3In2K3,True
9744,As3K1O12Pb4,True
9765,As3Li2O24P3Zr4,False
9770,As3Mn3Na3O15Sm1,True
9776,As3N2O17V2,False
9777,As3Na1O12Pb4,True
9782,As3Na5Si1,True
9787,As3Nd1,False
9795,As3Pb1S6Tl1,True
9797,As3Pr1,False
9804,As3Rh1,True
9817,As3Sr1,True
9820,As3Sr5,True
9826,As3Ti4,False
9831,As3W1,False
9846,As4Ba3Cd2,True
9862,As4Br1K1O6,True
9878,As4Ca1Cu10O34Te4,False
9886,As4Ca3Cr3O16,False
9887,As4Ca3Cu3O16,False
9892,As4Ca3Ni3O16,False
9912,As4Cl1K1O6,True
9913,As4Cl2Cu2S3,False
9921,As4Co1F18,True
9923,As4Co1Fe3O4Sm4,False
9925,As4Co3Fe1Nd4O4,False
9926,As4Co3Mg3O16,False
9929,As4Co7Cu1H4O20,False
9941,As4Cu3,False
9942,As4Cu3F6O6,False
9951,As4Eu2Ge1Na4,False
9953,As4Eu2Na4Sn1,False
9960,As4F1Fe4Nd4O3,False
9962,As4Fe1Mn3,False
9968,As4Fe3Mg3O16,False
9980,As4Ge1K2Zn3,False
9981,As4Ge1Na2Zn3,False
9983,As4Ge1Sr4,False
9985,As4Ge2Sr3,True
9993,As4Hg1I2S4,False
10003,As4K2Zn5,True
10005,As4K5,True
10015,As4Mg3Mn3O16,False
10017,As4Mg3O16Sn3,False
10020,As4Mg3O16W3,False
10028,As4Mo3O16,False
10033,As4Na2Sr3,True
10043,As4Nd1Rb8S16,True
10044,As4Nd2O9,True
10050,As4O16Sn3Zn3,False
10052,As4O16Ti3Zn3,False
10058,As4O9Sm2,True
10059,As4P1Rh10,False
10066,As4Rh6Sr1,False
10070,As4Se3,False
10071,As4Si1Sr4,True
10073,As4Si3,False
10076,As4Sr3,True
10086,As5Ba2In5,True
10091,As5Br7Hg8In2,False
10092,As5C1Cr12,False
10100,As5F1Fe5Nd5O4,False
10101,As5F31H6Hg2O2,True
10107,As5I1Te7,False
10115,As5Pb3S10,False
10119,As6Ba1Co10,False
10125,As6Ba2Na1Sn6,True
10139,As6Cs7In3,False
10158,As6K9Nb2,False
10161,As6Mg1Na2O24Zn5,False
10162,As6Mg4Rh7,True
10169,As6Re4S3,True
10171,As6Ru7U4,True
10175,As7Ca2Ni12,True
10178,As7Ce2Ni12,True
10179,As7Cl1Cu1P1S7,False
10180,As7Co12Mg2,True
10181,As7Cs2Na1,True
10182,As7Cs3,True
10183,As7Cu1Hg4S12Zn1,False
10185,As7Cu9Mn3Nd2,False
10194,As7Ho2Ni12,True
10199,As7Li3,False
10203,As7Mn6Ni16,False
10205,As7Na3,True
10209,As7Ni12Pr2,True
10211,As7Ni12Tb2,True
10214,As7Ni12Y2,True
10219,As8Au3Nd10O10,True
10225,As8Ca3Cu6O32,False
10226,As8Ca4Fe3Pt1,False
10231,As8Cu4Pb3S20Tl3,False
10238,As8K5Li3O40Ti8,False
10241,As8Li17Mn4,False
10264,Au12In3Zn1,False
10265,Au12K23Sn9,True
10269,Au15Ca6Ge7,False
10271,Au1B1,False
10273,Au1B1O3,False
10274,Au1B1Si1,False
10281,Au1Ba1O3,False
10285,Au1Ba1Sn3,True
10293,Au1Ba2Sb1,True
10295,Au1Ba2Tl1,False
10302,Au1Be12,False
10308,Au1Bi1Br6Cs2,False
10311,Au1Bi1Ca1,True
10320,Au1Bi1F6K2,False
10322,Au1Bi1I6Rb2,False
10330,Au1Bi1Sr1,False
10332,Au1Bi1Yb1,True
10333,Au1Bi1Yb2,True
10335,Au1Bi2La1,False
10351,Au1Br1O2,False
10354,Au1Br1Ti1,False
10355,Au1Br2,False
10356,Au1Br3,True
10364,Au1Br4Rb1,True
10372,Au1Br6Cs2Rb1,False
10376,Au1Br6Cs2Y1,False
10379,Au1Br6Ga1Rb2,False
10381,Au1Br6Hg1Rb2,False
10383,Au1Br6In1Rb2,False
10393,Au1Br6Na3,False
10410,Au1C2K1,False
10412,Au1C2K1N2S2,False
10414,Au1C2N2Rb1,False
10419,Au1C3Cl1H9O3P1,False
10422,Au1C4F12O12Rb1S4,False
10425,Au1C4H12N1S3Te1,False
10430,Au1C4N4O2,False
10431,Au1C5Cl4S4,False
10433,Au1C8H24I1P2,False
10434,Au1C9Cl3H26O4P2,False
10435,Au1Ca1,True
10440,Au1Ca1In2,True
10441,Au1Ca1P1,True
10443,Au1Ca1Sn1,True
10446,Au1Ca2Hg1,False
10451,Au1Ca2Pt1,True
10461,Au1Cd1Er1,True
10464,Au1Cd1K2,False
10471,Au1Cd1Pr1,True
10474,Au1Cd1Sc2,False
10475,Au1Cd1Sm1,True
10479,Au1Cd1Y1,True
10480,Au1Cd1Yb1,True
10486,Au1Ce1Cl6K2,False
10487,Au1Ce1Cl6Rb2,False
10495,Au1Ce1Sn1,True
10512,Au1Cl2,True
10518,Au1Cl4,False
10522,Au1Cl4K1,True
10538,Au1Cl6Cs2Ga1,False
10562,Au1Cl6Eu1Rb2,False
10564,Au1Cl6Ga1Rb2,False
10567,Au1Cl6In1Rb2,False
10574,Au1Cl6K2Pr1,False
10583,Au1Cl6K3,False
10585,Au1Cl6Li1Na2,False
10599,Au1Cl6Rb3,False
10600,Au1Cl7S1,True
10607,Au1Cr1,False
10609,Au1Cr1S2,True
10612,Au1Cr3O8,False
10628,Au1Cs1Se3,True
10631,Au1Cs2F6Ga1,False
10641,Au1Cs2F6Sc1,False
10646,Au1Cs2I1,False
10648,Au1Cs2I6Sb1,False
10650,Au1Cs2I6Tl1,False
10654,Au1Cs3O1,True
10657,Au1Cs3Sn4,False
10663,Au1Cu1F6Na2,False
10664,Au1Cu1F6Rb2,False
10666,Au1Cu1Li2,False
10671,Au1Cu1Se4,True
10676,Au1Cu2Pd1,True
10678,Au1Cu3Sn1,False
10680,Au1Cu4Er1,True
10681,Au1Cu4Gd1,True
10686,Au1Cu6N2,False
10688,Au1Dy1Ge1,True
10695,Au1Dy2Ir1,False
10696,Au1Er1,True
10705,Au1Er2Li1,False
10709,Au1Eu1,True
10713,Au1Eu1In2,True
10716,Au1Eu1P1,True
10722,Au1Eu2Pd3Si4,False
10724,Au1Eu2Sb1,True
10739,Au1F4Na1,True
10741,Au1F5,True
10742,Au1F6Ga1K2,False
10743,Au1F6Ga1Na2,False
10745,Au1F6Hg1K2,False
10763,Au1F6K2Ta1,False
10764,Au1F6K2Ti1,False
10770,Au1F6Li1Rb2,False
10774,Au1F6Na2Rh1,False
10782,Au1F6O2,True
10784,Au1F6Rb2Rh1,False
10785,Au1F6Rb2Ru1,False
10787,Au1F6Rb2Sc1,False
10797,Au1Fe3,False
10808,Au1Ga1Sc2,False
10810,Au1Ga1Tm1,True
10818,Au1Ga7La2,True
10821,Au1Gd1Mg1,True
10822,Au1Gd1Ni4,False
10825,Au1Gd2Ir1,True
10828,Au1Ge1Ho1,True
10832,Au1Ge1Lu1,True
10835,Au1Ge1Pm2,True
10841,Au1Ge1U1,False
10844,Au1Ge1Yb2,True
10845,Au1Ge2In3Yb3,True
10849,Au1H1O2,False
10850,Au1H36Na5O28Te2,False
10856,Au1Hf3,False
10858,Au1Hg1Li2,False
10860,Au1Hg1Mg2,False
10861,Au1Hg1Na2,False
10863,Au1Hg1Rb2,False
10866,Au1Hg2Na1,False
10899,Au1I6Rb2Sb1,False
10908,Au1In1Ni2,False
10911,Au1In1Pd2,True
10912,Au1In1Pr1,True
10918,Au1In1Yb1,True
10920,Au1In2,True
10921,Au1In2Na1,True
10930,Au1Ir1Pr2,False
10938,Au1K1O2,True
10939,Au1K1O3,False
10946,Au1K1Se1,True
10947,Au1K1Se2,True
10953,Au1K2Sb1,True
10954,Au1K3O1,True
10961,Au1La1Mg1,True
10962,Au1La1O2,False
10971,Au1La4Li1O8,True
10974,Au1Li1Mg1Sn1,False
10981,Au1Li1Sc2,True
10983,Au1Li1Tm2,False
10986,Au1Li2Na1,False
11003,Au1Lu1Sn1,True
11004,Au1Lu2,True
11019,Au1Mg1Y1,True
11028,Au1Mn1O2,True
11031,Au1Mn1Sn1,False
11039,Au1N5O14,True
11042,Au1Na1O8S2,True
11048,Au1Na1Zn2,False
11078,Au1Ni3Si6,True
11082,Au1Ni4Yb1,False
11091,Au1O2Y1,False
11094,Au1O3Sb1,False
11104,Au1Os1Tm2,True
11106,Au1P1S4,True
11117,Au1Pb1Tb1,True
11122,Au1Pb4Rb3,False
11125,Au1Pd1Pt1,False
11127,Au1Pd1Sn2,False
11129,Au1Pd1Tm2,False
11133,Au1Pd2Tl1,False
11135,Au1Pd2Zn1,False
11137,Au1Pd3Sb8,False
11146,Au1Pr1Sb2,False
11148,Au1Pr2,True
11161,Au1Rb1Se1,True
11163,Au1Rb1Te1,True
11166,Au1Rb3Sn4,True
11167,Au1Re2Se1,False
11170,Au1Ru1Sc2,True
11179,Au1Sb1Sr2,True
11187,Au1Sc1,True
11193,Au1Se1,True
11206,Au1Sn1U1,True
11208,Au1Sn1Yb1,True
11224,Au1Th2,True
11234,Au1V1,False
11236,Au1Y1,True
11244,Au1Zr1,False
11246,Au1Zr3,True
11247,Au21K12Sn4,True
11250,Au2Ba1,True
11252,Au2Ba1F8,True
11257,Au2Ba1O16S4,True
11261,Au2Ba3,True
11289,Au2Ca1F12,True
11298,Au2Ca1Pb1,False
11306,Au2Ca5,True
11308,Au2Cd1Dy1,True
11314,Au2Cd1Ho1,True
11315,Au2Cd1In2Sn1,False
11324,Au2Cd1Pr1,True
11328,Au2Cd1Sm1,True
11330,Au2Cd1Sr1,False
11335,Au2Cd1Yb1,True
11336,Au2Cd1Zn1,True
11341,Au2Ce1In1,True
11344,Au2Ce1Na1,False
11348,Au2Ce1Sn1,True
11363,Au2Dy1,True
11366,Au2Dy1Mg1,True
11370,Au2Dy2Sn1,False
11385,Au2Eu1In1,False
11386,Au2Eu1In4,True
11392,Au2Eu1Tl1,False
11396,Au2Eu3,True
11402,Au2F8Ni1,True
11404,Au2F8Zn1,True
11411,Au2Ga1Mg1,True
11413,Au2Ga1Pa1,True
11414,Au2Ga1Pm1,False
11416,Au2Ga1Sm1,False
11428,Au2Gd2Sn1,False
11440,Au2Hg1La1,True
11442,Au2Hg1Nd1,False
11446,Au2Hg1Sc1,False
11452,Au2Ho1Mg1,True
11454,Au2Ho1Sn1,False
11457,Au2Ho5Sb1,False
11458,Au2Ho7Te2,True
11459,Au2I1K6Na1O8,True
11461,Au2In1Li1,True
11463,Au2In1Lu2,True
11472,Au2In1Sc1,False
11473,Au2In1Sc2,True
11476,Au2In1Tb1,True
11477,Au2In1Tb2,True
11502,Au2La1Na1,True
11503,Au2La1Pb1,True
11505,Au2La1Sn1,True
11507,Au2La1Yb1,True
11511,Au2Li1Mg1,True
11517,Au2Li1Sb1,False
11523,Au2Li1Tm1,False
11531,Au2Lu2Sn1,False
11534,Au2Mg1Nd1,True
11535,Au2Mg1O16S4,True
11542,Au2Mg1Tb1,True
11556,Au2Na1Sm1,True
11574,Au2O16S4Sr1,True
11578,Au2O7Se2,False
11583,Au2Pa1Pb1,True
11587,Au2Pb1,True
11595,Au2Pb1Yb2,True
11602,Au2Pr1,True
11610,Au2Sb1Tb5,False
11623,Au2Sm1Yb1,True
11640,Au2Th1Zn1,False
11642,Au2Ti1Zn1,True
11646,Au2Y1,True
11648,Au2Yb1,True
11653,Au36Nd17,True
11657,Au3Ba4Si20,True
11658,Au3Ba8Si43,False
11677,Au3Ca5,True
11678,Au3Ca7,True
11689,Au3Cl8Rb3,True
11690,Au3Co1,False
11694,Au3Cu1,False
11695,Au3Dy1,True
11700,Au3Eu1,False
11709,Au3Fe2Pd3,False
11712,Au3Ga5La2,False
11713,Au3Ga5Nd2,False
11715,Au3Ga5Sm2,False
11717,Au3Ga8Tb3,True
11719,Au3Ge1,False
11720,Au3Ge1Na1,True
11726,Au3I13La12,False
11736,Au3K3Sb2,True
11740,Au3Li1,True
11746,Au3Mn1,False
11754,Au3O2Rb5,True
11755,Au3Os1,False
11756,Au3P1,False
11761,Au3Pm1,True
11762,Au3Pr2Sb1,False
11765,Au3Pt2U1,False
11780,Au3Sc1,False
11785,Au3Sn4U3,False
11794,Au3Yb1,True
11804,Au4Ca1Cd2,True
11812,Au4Cu1,False
11814,Au4Er1,True
11818,Au4Ho1,True
11821,Au4In3Sn1,True
11829,Au4Nb1,False
11830,Au4Nd3,True
11831,Au4S3Tl2,True
11832,Au4Sc1,True
11833,Au4Sn9,False
11836,Au4Tm1,True
11837,Au4V1,False
11838,Au4Yb1,True
11842,Au50Ca13Ge22,False
11847,Au51Sm14,True
11859,Au5Cs7O2,True
11860,Au5Dy2F21,True
11869,Au5F21Tb2,True
11871,Au5Ge3Yb4,False
11882,Au5Nd4Zn3,True
11886,Au5Sn1,False
11893,Au6Ce3Sn5,False
11895,Au6Dy1,False
11897,Au6Hg5,False
11901,Au6Nd1,False
11905,Au6Rb4S5,True
11923,Au8Ce3In4Y1,False
11934,B10Ba2Li1O19,False
11935,B10Ba2O17,False
11939,B10Ba4Cl2O19,False
11948,B10C1H13N1S1,False
11950,B10C2H18S1,False
11952,B10Ca1H4Li4O20,False
11953,B10Ca1La2O19,True
11954,B10Ca5O30Sn4Ti1,False
11958,B10Cl2Na1O19Pb4,False
11959,B10Cl2O19Pb4,False
11963,B10Co29Gd3Si4,True
11970,B10Co29Si4Tm3,True
11971,B10Cs1H31N7Na1,False
11973,B10Cs2K2O17,True
11975,B10Dy3Ni19,False
11981,B10H13K2O2,False
11998,B10O21Pb4,False
12000,B10O21Pr4,False
12014,B11Li6O22Rb5,True
12015,B11Mg3O24,False
12016,B11O22Sr2,False
12022,B12Bi1H11O3,False
12023,B12Br1Cs3H12,False
12034,B12Ca1Sm1,True
12051,B12Cs2F12O1,False
12055,B12Dy1,True
12058,B12Eu1La1,True
12059,B12Eu1Nd1,True
12063,B12Ga3I1K3S12Sm1,True
12070,B12H12O8Sr1,False
12072,B12H16Mg1Na2O28,False
12080,B12Hf1,False
12083,B12K3Na1O20,False
12086,B12La1Tm1,False
12088,B12Li2O23Sr4,False
12095,B12Ni1,False
12103,B12Pu1,True
12106,B12Rh17Sc4,True
12122,B12Zr1,False
12135,B13Gd4Ni1,False
12142,B13Ni1Y4,False
12144,B13O29Sm3,False
12151,B14Ca1H5O26Sr1,False
12154,B14Cl2Li10O25,True
12161,B15Ir12Zr4,True
12162,B15Na1,True
12177,B18C8Fe1H32S2,False
12183,B18H6Na10O35,True
12195,B1Ba1Cu1Gd1O5,False
12198,B1Ba1Cu1O5Sm1,False
12201,B1Ba1F1Mg1O3,True
12212,B1Ba1O3,False
12219,B1Ba3O12P3,False
12231,B1Be1Zr1,False
12233,B1Be2Cs1F2O3,True
12241,B1Be2O4,False
12245,B1Bi1,False
12247,B1Bi1Ca1,False
12249,B1Bi1Co2O10P2,False
12251,B1Bi1Li2O4,False
12253,B1Bi1Li3O7Si1,False
12255,B1Bi1Mg30O32,False
12264,B1Bi1O3,True
12265,B1Bi1O4Pb1,True
12267,B1Bi25O39,False
12289,B1Br2Co1F4H18N6,False
12298,B1Br3Y3,True
12303,B1C10O10Os3,False
12311,B1C1Cl3H3N1Si1,False
12312,B1C1Cl3La3,False
12313,B1C1Dy1,False
12314,B1C1Dy4Fe28,False
12317,B1C1F4H6N3,True
12328,B1C1Hf1,False
12330,B1C1La1,True
12334,B1C1Lu1Ni1,True
12335,B1C1Mg14,False
12338,B1C1Mo1,False
12359,B1C2Cs1F8,False
12362,B1C2H10N5O3,False
12364,B1C2H4K1N8,False
12377,B1C3F1K1N3,False
12380,B1C3K2N3,False
12388,B1C4H2Li1O9,False
12392,B1C4K1N4,False
12397,B1C4N4Rb1,False
12400,B1C4Sc4,False
12403,B1C6Cl1H17N1,False
12409,B1C9H27P1Rb1Si2,False
12414,B1Ca1H1O5Si1,False
12415,B1Ca1H3Ni1O10P2,False
12421,B1Ca1O4Y1,True
12422,B1Ca1O5P1,False
12433,B1Cd1F10Ta1,True
12434,B1Cd1Li1O3,True
12439,B1Cd3,False
12444,B1Ce1Mg6,False
12452,B1Ce1Pt3,True
12457,B1Ce2Fe14,False
12459,B1Cl1,False
12463,B1Cl15Cs1Rb1Zr6,True
12464,B1Cl15Rb1Zr6,True
12482,B1Cl20Cs3Zr7,True
12491,B1Cl3Tb3,True
12496,B1Cl7N2P2,False
12503,B1Co14Pr2,True
12506,B1Co14Y2,True
12515,B1Co1Li1O3,True
12524,B1Co1Na3O7S1,False
12530,B1Co2,False
12532,B1Co2Er1Fe2,False
12533,B1Co2Fe1O5,False
12534,B1Co2Fe2Lu1,False
12535,B1Co2Fe2Sm1,False
12540,B1Co3,False
12546,B1Co4Lu1,False
12549,B1Co4U1,False
12551,B1Co8Dy2Fe6,False
12553,B1Cr1,True
12557,B1Cr1Li3O5,False
12562,B1Cr1Na3O7P1,False
12564,B1Cr1Ni2O5,True
12566,B1Cr2,True
12568,B1Cr2O12P3,True
12572,B1Cs1F4I2Pb1,False
12578,B1Cs1Li2S3,True
12582,B1Cs1Mg30O31,False
12584,B1Cs1Mg6,False
12585,B1Cs1Mg6O7,False
12590,B1Cs1O6,False
12594,B1Cs3O3,True
12598,B1Cu1Li1O3,False
12599,B1Cu1Mg6,False
12606,B1Cu1Se2,False
12610,B1Cu2H5O6,False
12613,B1Dy1Fe14Nd1,True
12615,B1Dy1Fe14Tm1,False
12625,B1Er1Fe14Nd1,False
12630,B1Er1Ni4,True
12637,B1Eu1N2,False
12641,B1Eu1Rh3,False
12645,B1F13Sn5,True
12665,B1F3Na2O4S1,True
12666,B1F3O2,True
12667,B1F4Fe1N3O3,False
12669,B1F4H2N3S3,False
12673,B1F4H5N2,False
12677,B1F4In1,True
12693,B1Fe1,True
12696,B1Fe14Ho1Nd1,False
12708,B1Fe14Th2,True
12710,B1Fe14Y2,True
12712,B1Fe1H1K1O9P2,False
12717,B1Fe1Li1O3,True
12725,B1Fe1Mg1O4,True
12726,B1Fe1Mg2O5,True
12731,B1Fe1Na1O11P2,False
12734,B1Fe1Na3O7P1,False
12739,B1Fe1O11P2,False
12759,B1Ga1H3K1O10P2,False
12772,B1Ga3Ge3H4Na4O12,False
12774,B1Ga3N4,False
12779,B1Gd1O3,True
12781,B1Gd1Rh3,True
12786,B1Ge1In2,False
12792,B1Ge2K1O6,False
12794,B1Ge2Ti6,True
12795,B1Ge3,False
12801,B1H10Li4N3,False
12803,B1H1In1K1O9P2,True
12807,B1H1K1O9P2V1,True
12828,B1H3O3,True
12844,B1H6Li3,False
12847,B1H6N1,True
12848,B1H7Li1N1,True
12856,B1Hf1,False
12857,B1Hf1Mg30O31,False
12861,B1Hf1Rh3,True
12869,B1Ho1O3,True
12870,B1Ho1Pd3,False
12876,B1I3,True
12904,B1K1O8P2Sr1,True
12912,B1K2O8P2,False
12918,B1K5O16S4,True
12927,B1La1O5Si1,True
12929,B1La1Pt2,True
12942,B1Li1Mg14O15,False
12949,B1Li1Ni1O3,False
12951,B1Li1O11P2Zn1,False
12952,B1Li1O14S4,True
12954,B1Li1O3,False
12965,B1Li1O8S2,True
12969,B1Li1Si2,False
12975,B1Li2Ni1O4,False
12982,B1Li2O7Sb1Si1,False
12983,B1Li2Pd3,True
12990,B1Li3O5V1,False
12994,B1Li3O8P2,False
13004,B1Mg14Mn1O16,False
13007,B1Mg14O15Rb1,False
13010,B1Mg14Zr1,False
13018,B1Mg1O6P1,False
13021,B1Mg2O4,False
13023,B1Mg30Mn1O32,False
13024,B1Mg30Na1O31,False
13025,B1Mg30Na1O32,False
13026,B1Mg30O31Rb1,False
13027,B1Mg30O32Rb1,False
13031,B1Mg30O32W1,False
13036,B1Mg6Ni1,False
13038,B1Mg6O8Rb1,False
13041,B1Mg6Si1,False
13045,B1Mg6Zn1,False
13054,B1Mn1Na3O7S1,False
13055,B1Mn1Na3O7Si1,False
13056,B1Mn1O3,False
13059,B1Mn2Na3O6,False
13074,B1N1Zr2,False
13076,B1N2Nd1,True
13081,B1Na1Ni1O11P2,False
13093,B1Na1S2,False
13113,B1Na6O21Se5,False
13114,B1Nb1,True
13116,B1Nb1Ni2O6,True
13118,B1Nb1Os1,True
13126,B1Nd1Pt2,True
13127,B1Nd1Pt3,True
13131,B1Nd3O9W1,True
13137,B1Ni1Ta1,True
13144,B1Ni4Y1,True
13154,B1O12Rb3Se3,True
13159,B1O20P5Sr6,True
13170,B1O3Pu1,False
13172,B1O3Sb1,False
13174,B1O3Si1,False
13196,B1O6V3,False
13197,B1O7P1Zn3,False
13201,B1O8Pb4V1,True
13215,B1Pd3,True
13217,B1Pd3Sc1,False
13223,B1Pd5,False
13224,B1Pd6,True
13226,B1Pr1Pt3,True
13227,B1Pr1Pt4,True
13234,B1Pt2Yb1,True
13238,B1Pu1,False
13253,B1Rh3Th1,True
13255,B1Rh3U1,False
13261,B1Ru1Ta1,True
13262,B1Ru3,False
13278,B1Si2V5,False
13279,B1Si3,False
13286,B1Ta1,True
13295,B1V1,True
13298,B1W4Zr9,False
13300,B1Zr1,False
13313,B21Cl2Na11O36,False
13314,B22Ca4Cl1H18K1O46,False
13319,B24C1Mg2,True
13320,B24Ce3La1,False
13324,B24Lu1Yb1,False
13331,B26Ba11H6O58P2,True
13337,B2Ba1Cu1O5,False
13341,B2Ba1H2O5,False
13346,B2Ba1Na4O30Si10Ti2,True
13365,B2Ba2Cu1O6,True
13367,B2Ba2O5,True
13369,B2Ba3N4,True
13372,B2Ba4N4O1,False
13376,B2Be1H8,True
13382,B2Be2O6Sr1,False
13383,B2Be2O7Sr2,False
13386,B2Bi1Li1O5,False
13389,B2Bi1Li3O6,True
13390,B2Bi1Li7O8,False
13397,B2Bi2O7Sr1,False
13398,B2Bi2O7Zn1,True
13399,B2Bi4O9,True
13400,B2Br15Tb10,True
13407,B2C1Ce1Pt2,False
13409,B2C1Co2Gd1,False
13410,B2C1Co2Pr1,False
13411,B2C1Co2Tb1,False
13422,B2C1Gd1Rh2,True
13426,B2C1Ho1Rh2,False
13431,B2C1La1Pt2,False
13432,B2C1La1Rh2,True
13445,B2C1Ni2U1,True
13449,B2C1Pd2Th1,False
13451,B2C1Pr1Pt2,False
13459,B2C1Rh2Y1,False
13470,B2C2Ce1,True
13490,B2C2Yb1,False
13498,B2C5H20N1P1,False
13502,B2C6F8Fe1O6,False
13504,B2C8Cu1N8,False
13510,B2Ca1F8,True
13516,B2Ca1H14N2,True
13520,B2Ca1H8,True
13523,B2Ca1Li4O6,True
13529,B2Ca1O6Sn1,True
13530,B2Ca1O8,False
13533,B2Ca1Rh2,True
13547,B2Cd1O5Zn1,False
13548,B2Cd2O5,True
13554,B2Ce1Ir2Rh1,True
13559,B2Ce1Rh3,True
13564,B2Ce3Cl3O6,False
13571,B2Cl1O4Pr1,True
13579,B2Co1Cu2O6,False
13584,B2Co1Li3O6,False
13586,B2Co1Mn1,False
13587,B2Co1Mn1O5,False
13589,B2Co1Na3O6,False
13600,B2Co2O5,False
13612,B2Co3O6,False
13623,B2Co5Mn1O10,False
13626,B2Co5Ta3,False
13628,B2Co7U3,True
13633,B2Cr1Ir5Mg2,True
13637,B2Cr1Mo1,False
13638,B2Cr1Mo2,True
13641,B2Cr1O12Pb6,True
13644,B2Cr1Ru1,False
13647,B2Cr1W1,False
13648,B2Cr2Ir1,False
13666,B2Cu2O6Sr1,False
13679,B2Dy3Ni7,True
13698,B2Eu2O5,True
13701,B2Eu3Pt7,True
13702,B2F10H1Nd1,True
13709,B2F4Na3O5P1,True
13713,B2F9O6Tm5,True
13727,B2Fe1O4,True
13736,B2Fe1Rh5Ti2,False
13743,B2Fe2Li1O6,False
13755,B2Ga1Ir5Sc2,True
13759,B2Ga2K2O7,True
13765,B2Gd1K3O6,True
13769,B2Gd1Ru2,True
13774,B2Ge1Mg2Rh5,True
13785,B2H13Mg1N3,False
13795,B2H5Na1O6,False
13797,B2H6Mg1O7,False
13801,B2H8Mn1,False
13835,B2Ir3Pr1,True
13839,B2Ir3Tb1,True
13844,B2Ir3Yb1,True
13845,B2Ir5Mg2Mn1,True
13849,B2Ir5Mg2Zn1,True
13854,B2Ir5Sc2V1,True
13863,B2K2Se7,True
13871,B2K3O6Tb1,True
13872,B2K3O6Y1,True
13876,B2La1Rh3,True
13879,B2La3N4,True
13880,B2La3N5,True
13886,B2Li1Nd1O6Rb2,True
13887,B2Li1O10V5,False
13896,B2Li2S5,True
13906,B2Li4Mn1O6,False
13908,B2Li4O5,False
13910,B2Li4O6V1,False
13914,B2Lu1Os1,True
13928,B2Mg1O7,False
13934,B2Mg3O8Ti1,False
13935,B2Mg3Rh5,True
13937,B2Mg5O10Ti1,False
13938,B2Mn1,False
13947,B2Mn1W2,True
13961,B2Mo2Os1,False
13966,B2N3Ti4,False
13971,B2Na2Nd2O7,True
13975,B2Na2O7Y2,False
13986,B2Nb1O6Rb1,True
13988,B2Nb1Ti1,True
13991,B2Nb2Os1,False
13993,B2Nb3,True
13995,B2Nb5Si1,True
13999,B2Nd1Ru3,False
14000,B2Nd3Ni13,False
14006,B2Ni1W2,True
14007,B2Ni2Sm1,True
14008,B2Ni2Sr1,False
14014,B2Ni5O10Ti1,False
14017,B2Ni7Tm3,True
14019,B2Np1,True
14021,B2O10Rb1Se3,False
14024,B2O12Pb6W1,False
14026,B2O2Ta1,False
14030,B2O5Pb2,False
14032,B2O5Sr2,True
14040,B2O6Sc1Yb1,False
14044,B2O6U1,False
14046,B2O7Pb4,True
14054,B2Os1Sc1,True
14065,B2Pd5,False
14079,B2Rh2Sr1,True
14087,B2Ru1,True
14097,B2Ru3U1,True
14099,B2Ru3Yb1,True
14104,B2S6Sr3,True
14105,B2Sc1,True
14106,B2Se7Tl2,True
14108,B2Sm1,False
14134,B3Ba3Cl1O9Pb2,True
14138,B3Ba3F5O9Sr4,False
14140,B3Ba3In1O9,True
14146,B3Ba4Cu4La4O18,False
14148,B3Ba4N6Na1,True
14162,B3Be3N3O25P6,False
14165,B3Be4O9Rb1,True
14167,B3Bi1O6,True
14175,B3Br1La2,False
14179,B3Br5C6Ce9,True
14180,B3Br5C6La9,True
14182,B3C16H52N12O12,False
14191,B3C2Gd2,True
14193,B3C2Y2,True
14195,B3C3Mn23,False
14196,B3C4Gd4,True
14201,B3C9Cr46,False
14205,B3Ca1H3O7,True
14218,B3Ca4Li1N6,True
14220,B3Ca4Nd1O10,True
14230,B3Ce2Li3O9,False
14232,B3Cl1La2,False
14233,B3Cl1O10Pb6,True
14235,B3Cl1Pr2,False
14236,B3Co1Gd2,False
14238,B3Co1V1,True
14239,B3Co1W3,True
14252,B3Cr2,False
14254,B3Cr2Os1,False
14260,B3Cs1H3,False
14262,B3Cs1O5,True
14264,B3Cs1O9Zn4,False
14265,B3Cs2Li3O24P6Pb2,True
14270,B3Dy1Mo1,True
14274,B3Dy6Li1O14,True
14276,B3Er1Mo1,True
14280,B3Eu1O6,True
14286,B3F1Mg5O9,True
14293,B3Fe1Li6O9,False
14299,B3Fe5Li2O13,False
14305,B3Gd1Li6O9,False
14307,B3Gd5O13,True
14309,B3Ge1O7Rb1,True
14314,B3H12Y1,True
14320,B3H1Li1Na1O8Si1,True
14322,B3H20Mg1N3,True
14327,B3H33N7Y1,True
14331,B3H3Li1O9P1,False
14336,B3H4,False
14343,B3H7N1,False
14353,B3Ir7Zn5,True
14358,B3K1O9Sr4,True
14359,B3K1O9Zn4,False
14362,B3La2Li3O9,False
14391,B3Li3O9Yb2,False
14399,B3Li6O9V1,False
14400,B3Li6O9Y1,True
14411,B3N5Sr3,False
14415,B3Na1O9Sr4,False
14422,B3Ni8O15Sb1,False
14430,B3O6Yb1,False
14435,B3O9Sr3Y1,False
14438,B3Pa1,True
14454,B3Si3W10,False
14456,B3V2,True
14466,B4Ba2Se13,True
14469,B4Ba5F2O12Zn2,False
14479,B4Bi2Li5O12,False
14490,B4C1Er2,True
14498,B4C3Ni4Y3,False
14507,B4Ca1Pt6,True
14532,B4Cl1Nd1O8,False
14536,B4Co11Dy3,False
14541,B4Co11Pr3,False
14545,B4Co1Gd1,True
14552,B4Co1Y1,True
14553,B4Co1Yb1,False
14554,B4Co21Nd5,False
14556,B4Co2Mo1,False
14557,B4Co2Na6O16S1,False
14566,B4Co4Nd1,True
14569,B4Co4U1,False
14571,B4Cr1Er1,True
14584,B4Cr1Yb1,False
14585,B4Cr2Na6O16P1,False
14589,B4Cs1H12Na1O13,False
14590,B4Cs1H16Y1,False
14596,B4Cu1Li6O10,False
14606,B4Dy1Ir2Rh2,False
14609,B4Dy1Re1,True
14613,B4Dy1V1,True
14618,B4Er1Ir2Rh2,False
14625,B4Er1Rh4,False
14633,B4Eu1O7,True
14646,B4Fe1Li3Mn2O12,False
14657,B4Fe1Y1,True
14663,B4Fe2Na6O16S1,False
14664,B4Fe3Gd1O12,True
14695,B4Ge1O9Rb2,True
14697,B4H16K1Sc1,True
14698,B4H16K1Y1,False
14700,B4H16Li1Mg1Rb1,False
14701,B4H16Li1Mn1Rb1,True
14702,B4H16Li1Sc1,True
14704,B4H16Na1Y1,False
14705,B4H16Na1Yb1,False
14709,B4H18Mg1O16,False
14715,B4H4Na1O13Rb1,False
14721,B4Hf1Ta1,True
14725,B4Ho1,True
14727,B4Ho1Ni1,True
14729,B4Ho1Rh4,False
14733,B4Ho1W1,True
14740,B4Ir1Mo1,False
14741,B4Ir3Sc1,True
14743,B4Ir4La1,True
14746,B4Ir4Tm1,False
14755,B4La1Ru4,True
14771,B4Li3Mn4O12,False
14781,B4Li6O9,True
14784,B4Lu1Os1,True
14791,B4Mg10O20Sn1Ti1,True
14795,B4Mg2Ru5,True
14819,B4Mo1Ti1,False
14822,B4Mo1Y1,True
14828,B4Na2O17,False
14836,B4Nb1Ni11O20,True
14837,B4Nb1Ti1,True
14840,B4Nb3,True
14847,B4Nd1Ni1,True
14861,B4Ni1U1,True
14862,B4Ni1Y1,True
14867,B4Np1Pu1,False
14874,B4O7Pb1,True
14882,B4O8U1,False
14885,B4Os1,False
14886,B4Os1Pu1,True
14887,B4Os1Tm1,True
14898,B4Pt6Sr1,True
14901,B4Pu1Ru4,False
14908,B4Re1Y1,True
14910,B4Rh15Sm5,False
14911,B4Rh15U5,False
14915,B4Rh1Yb1,False
14916,B4Rh4Sm1,False
14918,B4Rh4Th1,False
14923,B4Rh8Zn5,False
14934,B4Ru4U1,True
14937,B4Si1,False
14938,B4Sm1,True
14939,B4Ta1,False
14943,B4Ta1Zr1,True
14955,B4Ti3,True
14958,B4U1V1,False
14963,B4Y1,True
14967,B5Ba1K1O9,True
14971,B5Ba2Cl1O9,True
14980,B5Be2O11Y1,True
14990,B5Br1O9Sr2,True
15000,B5Ca1H8Na1O13,False
15006,B5Ca2H7O13,False
15008,B5Ca2O14Si1,False
15020,B5Ce1Mg1O10,True
15030,B5Co1O10Y1,True
15038,B5Cu1,False
15046,B5Er1Mg1O10,False
15064,B5H1La1O10,False
15066,B5H20Li1Zn2,True
15071,B5H2O11Pb2,False
15072,B5H2O11Sr2,False
15073,B5H3Na2O10,False
15075,B5H4,False
15078,B5H4N1O8,True
15096,B5H9,False
15097,B5H9N1,False
15099,B5Ho2Ni10,True
15100,B5Ho9S21,False
15110,B5K1O8,True
15120,B5Li1Na2O14P2,True
15121,B5Li1O13,False
15123,B5Li2O10Sb1,False
15133,B5Mg1O10Pr1,True
15137,B5N1O12,False
15151,B5Ni10Tm2,True
15155,B5O10Sb1,False
15162,B5O8Rb1,True
15172,B6Ba1,True
15175,B6Ba1Li3Na1O12,True
15180,B6Ba2H4O13,False
15187,B6Ba3Ge2O16,True
15190,B6Ba3O16Si2,True
15206,B6Br6Na1O8S4,False
15209,B6C3Nb7,True
15228,B6Ca2Ni21,False
15230,B6Ca3H16O20,False
15234,B6Cd4O13,False
15247,B6Co12Dy1,True
15250,B6Co12Ho1,True
15263,B6Co20Ti3,True
15271,B6Co21Mn2,False
15274,B6Co21Re2,True
15280,B6Co21U2,True
15283,B6Co21Zr2,False
15288,B6Co3Ti20,False
15290,B6Co6Fe6La1,False
15292,B6Cr1Re13,False
15309,B6Dy1Ni12,True
15316,B6Er2Ni21,False
15318,B6Er2Os1,True
15321,B6Er2Rh9,True
15322,B6Er2Ru1,True
15325,B6Eu1Ni12,True
15326,B6Eu3Rh8,True
15328,B6F2Li2O9,True
15335,B6Fe1Lu2,True
15337,B6Fe20Nb3,False
15344,B6Fe3Ni20,False
15345,B6Fe5Li6Mn1O18,False
15360,B6H10N1,True
15362,B6H14Mg1O17,False
15372,B6H6K1O6,False
15377,B6H8Na1O7S3,False
15379,B6H8O7Rb1,False
15387,B6Ho2Ni15,False
15393,B6Ho2Ru1,True
15397,B6In2Ni21,True
15402,B6La1Ni12,True
15407,B6Li5Mn6O18,False
15410,B6Lu2Ni3,True
15421,B6Mn2Ni21,False
15422,B6Mn3Ni20,False
15436,B6Ni12Sm1,True
15445,B6Ni20Zn3,True
15456,B6Ni21Zr2,True
15457,B6Ni23,False
15463,B6O13Zn4,True
15468,B6Os1Tm2,True
15471,B6Os1Yb2,False
15475,B6Pr1,True
15476,B6Pr2Re3,True
15482,B6Re1U2,True
15484,B6Re3Sm2,True
15486,B6Rh1Tm2,True
15490,B6Rh9Tm2,True
15494,B6Ru1Tm2,True
15497,B6Si1,False
15503,B6Th1,True
15508,B6Yb1,True
15509,B6Zr1,False
15512,B7Ba3Na1O20Si2,False
15513,B7Bi3O12,False
15517,B7Br1Fe3O13,True
15521,B7Br1O13Zn3,False
15528,B7Cl1Co3O13,True
15530,B7Cl1Cu3O13,False
15553,B7Dy3W1,True
15558,B7Fe1Ho3,True
15559,B7Fe1Tb3,True
15560,B7Fe1Y3,True
15592,B7Mn1Tb3,True
15594,B7Mo1Tb3,True
15599,B7Re1Y3,True
15601,B7Tm3W1,True
15608,B8Bi1Fe6Nd1O24,False
15613,B8C7H24P1Pt1,False
15618,B8Ca2O15,False
15623,B8Ce2O15,False
15631,B8Cu1Dy2O16,False
15638,B8Eu9Na3O27,True
15640,B8Fe1Li8Mn7O24,False
15650,B8Fe8Li5O24,False
15651,B8Fe8Li7O24,False
15654,B8Ge1Rh18Zn10,True
15655,B8H10N1,False
15659,B8Ho5Si2,True
15660,B8Ir2Rh4Ti7,False
15661,B8Ir4Nb3V5,False
15669,B8Li5Mn8O24,False
15670,B8Li7Mn8O24,False
15672,B8Lu1Rh8Th1,False
15685,B8Ni3Ru18Ti8,False
15691,B8O17U1,False
15706,B8Si2Tb5,True
15707,B8Si2Y5,True
15709,B8U1Y1,False
15714,B9Ba3Dy1O18,False
15717,B9Ba3Gd1O18,True
15720,B9Ba3Lu1O18,False
15722,B9Ba3O18Pr1,False
15727,B9Ba3O18Y1,False
15728,B9Ba3O18Yb1,False
15736,B9Ca2H8Na1O20,False
15746,B9H11,True
15753,B9Ho2Ni15,False
15755,B9K4Se9,True
15759,B9Na1Se8,True
15761,B9Nd1O18,False
15762,B9Ni15Tb2,False
15773,Ba10Ca1Cu15O35Y4,False
15776,Ba10Cl2Fe8O25Pt2,False
15778,Ba10Co7Ir3O30,False
15781,Ba10Cu15Gd2O35Y3,False
15802,Ba10Mo5Nd4O30Y1,True
15816,Ba11O24Os4,True
15818,Ba11Sb10,False
15821,Ba12Cl4Mn1O24Ru5,True
15829,Ba13Br1O36Ru10,False
15834,Ba14Ca1N6Na14,True
15837,Ba14Ca1N6Na7,True
15847,Ba15Fe7S25,False
15863,Ba17O57Pt4Yb16Zn8,True
15870,Ba1Be1F1O4P1,True
15871,Ba1Be1F4,True
15873,Ba1Be1La2O5,True
15880,Ba1Be2O7Si2,True
15881,Ba1Be2O8P2,True
15888,Ba1Bi1Cl1O2,True
15893,Ba1Bi1F7Zn1,False
15897,Ba1Bi1La1Mg1O6,False
15903,Ba1Bi1Na1,True
15905,Ba1Bi1O6Sb1Sr1,False
15909,Ba1Bi2Br2O5,False
15915,Ba1Bi2Mn2,False
15922,Ba1Bi2Pd2,True
15927,Ba1Bi3Fe3O16Sr6,False
15936,Ba1Bi4Nb4O18Pb1,False
15946,Ba1Br1Cl1,True
15950,Ba1Br1H1,True
15958,Ba1Br2O11,False
15962,Ba1Br3,False
15966,Ba1Br5Y1,False
15968,Ba1Br8Fe2,True
15970,Ba1Br8Y2,False
15974,Ba1C1Cl1N1S1,False
15979,Ba1C1K3O7P1,False
16000,Ba1C2H4O6,False
16020,Ba1C4F6O4,False
16035,Ba1Ca1Co1F7,False
16043,Ba1Ca1Cu4O8,False
16044,Ba1Ca1Dy2F10,False
16054,Ba1Ca1F7Ti1,False
16061,Ba1Ca1Hg2,False
16064,Ba1Ca1Mg14O16,False
16068,Ba1Ca1Mo1O6Sr1,False
16072,Ba1Ca1O2,False
16074,Ba1Ca1O48P12Zr8,False
16078,Ba1Ca1O7V2,False
16081,Ba1Ca1O8Ti4,False
16106,Ba1Ca7F3Na5O24P6,True
16110,Ba1Cd1Cr1F7,False
16112,Ba1Cd1F1Sb1,True
16117,Ba1Cd1Ge1S4,True
16119,Ba1Cd1K2Sb2,True
16123,Ba1Cd1O3,False
16125,Ba1Cd1O7V2,False
16127,Ba1Cd1Pb1,True
16128,Ba1Cd1S2,False
16133,Ba1Cd2,True
16134,Ba1Cd2Ge2,False
16146,Ba1Ce1O3,True
16148,Ba1Ce2Co1S5,False
16149,Ba1Ce2Fe1S5,False
16152,Ba1Ce2S4,False
16154,Ba1Ce3,False
16164,Ba1Cl1H1,True
16167,Ba1Cl1K2O7V2,False
16172,Ba1Cl1O3V1,True
16174,Ba1Cl2Cu2O6Te2,False
16176,Ba1Cl2H2O1,False
16178,Ba1Cl2H4O2,False
16185,Ba1Cl2O6,True
16194,Ba1Cl5Y1,False
16199,Ba1Co1Dy2O5,True
16200,Ba1Co1Eu2O5,True
16202,Ba1Co1F6Li1,True
16203,Ba1Co1F7Mg1,True
16206,Ba1Co1Fe1O5Pb1,False
16210,Ba1Co1Ho2O5,True
16212,Ba1Co1K2N6O12,False
16216,Ba1Co1Mg30O32,False
16222,Ba1Co1Nb1O6Pr1,False
16224,Ba1Co1O1S1,False
16226,Ba1Co1O3,True
16229,Ba1Co1O5Tm2,True
16235,Ba1Co1O7P2,True
16240,Ba1Co2Cu2O12Sr3,False
16242,Ba1Co2Fe6O24Sr7,False
16243,Ba1Co2Gd1O5,False
16250,Ba1Co2N2,True
16252,Ba1Co2Nd1O6,False
16265,Ba1Co4Cu4O20Sr7,False
16272,Ba1Co4Mg1O8,False
16273,Ba1Co4Nd3O12,False
16277,Ba1Co4O7Y1,False
16279,Ba1Co4O8,False
16284,Ba1Co5La4O15,False
16293,Ba1Cr1F6Na1,True
16296,Ba1Cr1F7Zn1,False
16297,Ba1Cr1La1Mo1O6,False
16298,Ba1Cr1La1Nb1O6,False
16303,Ba1Cr1O3,False
16312,Ba1Cr2O12Ru4,False
16315,Ba1Cr3Cs1F12,True
16320,Ba1Cr4O7Y1,False
16333,Ba1Cs2O7P2,True
16334,Ba1Cs4O18P6,True
16335,Ba1Cs4O18V6,True
16338,Ba1Cu13,True
16340,Ba1Cu1Dy1Te3,True
16341,Ba1Cu1Dy2O5,False
16342,Ba1Cu1Er1S3,True
16346,Ba1Cu1F1S1,False
16348,Ba1Cu1F1Te1,True
16353,Ba1Cu1F7Zn1,True
16354,Ba1Cu1Fe1Gd1O5,False
16371,Ba1Cu1Lu2O5,False
16385,Ba1Cu1O1S1,False
16391,Ba1Cu1O5Re1,False
16396,Ba1Cu1O5Ta1,False
16400,Ba1Cu1O5W1,False
16404,Ba1Cu1O6,False
16414,Ba1Cu1S3Y1,True
16416,Ba1Cu1Se3Y1,True
16417,Ba1Cu1Sn2,True
16419,Ba1Cu1Te3Y1,True
16420,Ba1Cu1Te3Yb1,False
16428,Ba1Cu2In2,False
16433,Ba1Cu2O4Sr1,False
16442,Ba1Cu2S4Sn1,True
16443,Ba1Cu2Sb2,True
16444,Ba1Cu2Se2,False
16446,Ba1Cu2Te2,False
16459,Ba1Cu4O16Sr1V4,False
16460,Ba1Cu4O17P4Ti1,True
16465,Ba1Cu4O8Sr1Y1,False
16481,Ba1Dy2Mn1O5,False
16492,Ba1Er2O10Si3,True
16500,Ba1Eu1O2,False
16504,Ba1Eu2Mn2O7,True
16534,Ba1F4Mn1,False
16548,Ba1F5Mn1O1,False
16552,Ba1F6Ga1Na1,True
16568,Ba1F6Zr1,True
16571,Ba1F7Fe1Zn1,False
16576,Ba1F7Mg1Ni1,False
16578,Ba1F7Mg1Sn1,False
16581,Ba1F7Mg1W1,False
16582,Ba1F7Mn1V1,False
16583,Ba1F7Mn1Zn1,False
16587,Ba1F7Ni1Zn1,False
16588,Ba1F7Sb1,False
16592,Ba1F7Ti1Zn1,False
16600,Ba1F9Fe2Na1,False
16601,Ba1Fe12O19,False
16602,Ba1Fe15O23,False
16604,Ba1Fe1H1O5P1,False
16609,Ba1Fe1La1O6Ti1,False
16618,Ba1Fe1O4Y1,True
16649,Ba1Fe3O12P3,True
16650,Ba1Fe4Gd1O7,False
16663,Ba1Fe4O7Tm1,False
16665,Ba1Fe4O7Yb1,False
16666,Ba1Fe4O8,False
16667,Ba1Fe4O8Sr1,False
16669,Ba1Fe4Sb12,True
16673,Ba1Fe6Mn2O24Sr7,False
16686,Ba1Ga1In1,False
16719,Ba1Gd2Ni1O5,False
16727,Ba1Gd2Te4,True
16731,Ba1Ge1Mg1,True
16737,Ba1Ge1O4Pb1,True
16749,Ba1Ge2O38U11,False
16752,Ba1Ge2Rh2,True
16760,Ba1Ge3Na1Nd1O9,True
16765,Ba1Ge3Pt1,True
16766,Ba1Ge3Rh1,False
16768,Ba1Ge4Rh2S6,False
16769,Ba1Ge5,False
16770,Ba1Ge6,False
16771,Ba1Ge7N10,True
16775,Ba1H14O18P4Zn3,False
16777,Ba1H16O10,True
16789,Ba1H2,True
16791,Ba1H2Mn9O26V6,True
16811,Ba1H3Li1,True
16820,Ba1H4O3,True
16836,Ba1Hf1Mg6,False
16849,Ba1Hg1S4Sn1,True
16861,Ba1Hg2Tl2,True
16863,Ba1Hg6,True
16865,Ba1Ho2O5Pd1,False
16866,Ba1Ho2O5Zn1,False
16873,Ba1I2Mo6O25,False
16882,Ba1I6O18Ti1,True
16886,Ba1I8Sr3,False
16907,Ba1In2Rh1,True
16909,Ba1In2Sb4,False
16930,Ba1K1O7Si2Y1,True
16931,Ba1K1P1,False
16932,Ba1K1P1S4,True
16933,Ba1K1P1Se4,True
16937,Ba1K2N6Ni1O12,False
16941,Ba1K2O12S12,False
16946,Ba1K4O18V6,False
16950,Ba1K4S8V2,True
16952,Ba1La1Li1O6Te1,False
16954,Ba1La1Mg1O6Ru1,False
16959,Ba1La1Mn1O6Sb1,False
16966,Ba1La1Ni1O6Ru1,False
16969,Ba1La1Sb2Se6,True
16976,Ba1La2O5Pt1,True
16977,Ba1La2O5Zn1,False
16980,Ba1La2S4,False
16982,Ba1La2Se4,False
16988,Ba1La4O15Ti4,False
16990,Ba1La7Mg5Nb3O24,False
16992,Ba1Li1O11Ru5,False
16993,Ba1Li1O3,False
16996,Ba1Li1Sb1,True
17005,Ba1Li2Si1,True
17010,Ba1Lu2O4,False
17024,Ba1Mg1O6Sr1Te1,False
17026,Ba1Mg1O7P2,True
17042,Ba1Mg2P2,True
17045,Ba1Mg2Si2,True
17047,Ba1Mg30Mn1O32,False
17048,Ba1Mg30Nb1O32,False
17049,Ba1Mg30Ni1O32,False
17050,Ba1Mg30O32Si1,False
17068,Ba1Mn1Nd2S5,False
17081,Ba1Mn2O10Si2Ti1,False
17095,Ba1Mn2O7Si2,True
17096,Ba1Mn2O7Tb2,False
17097,Ba1Mn2O8,False
17098,Ba1Mn2O8V2,True
17109,Ba1Mn4O7,False
17112,Ba1Mn4O8Zn1,False
17114,Ba1Mn5O24S6,True
17115,Ba1Mn6O12,True
17120,Ba1Mo1O6Se1,False
17125,Ba1Mo2O12P2,True
17131,Ba1Mo2O9Te1,False
17133,Ba1Mo3Se3,False
17144,Ba1Mo4O8Zn1,False
17148,Ba1N1,False
17152,Ba1N1Nb3O7,False
17155,Ba1N1O11P3,False
17167,Ba1N4Nb2,True
17170,Ba1N4Re2,False
17172,Ba1N4V2,False
17175,Ba1N7Si4Y1,True
17192,Ba1Na1Sn1,False
17193,Ba1Na1Tl2,False
17195,Ba1Na2O14Si4Ti2,False
17205,Ba1Na6O4,False
17211,Ba1Nb2O11V2,True
17217,Ba1Nb5O8,True
17219,Ba1Nb7O33P6,False
17221,Ba1Nb8O14,True
17238,Ba1Ni1O5Yb2,False
17243,Ba1Ni1Zr1,False
17244,Ba1Ni2O15Sc8,False
17255,Ba1Ni4O7Y1,False
17256,Ba1Ni4O8,False
17265,Ba1O10P2V2,True
17267,Ba1O10Sc2Si3,True
17272,Ba1O11P4,True
17273,Ba1O11Ru5Zn1,False
17275,Ba1O11Ti5,False
17284,Ba1O12Sr3Ti2Zr2,False
17289,Ba1O13Ti6,False
17296,Ba1O15Pb4Zr5,False
17299,Ba1O16Ta6,True
17303,Ba1O17Si5Y4,True
17305,Ba1O18Rb4V6,True
17307,Ba1O18W6,True
17309,Ba1O19W6,False
17320,Ba1O24P6Zr4,True
17325,Ba1O2S1,False
17330,Ba1O3Os1,False
17339,Ba1O3Rh1,False
17347,Ba1O3Tb1,False
17357,Ba1O3Yb1,False
17360,Ba1O4,False
17368,Ba1O4S2,False
17370,Ba1O4Se1,True
17381,Ba1O4W1,True
17384,Ba1O5,False
17385,Ba1O56P4W16,False
17387,Ba1O5P2,False
17391,Ba1O5Pd1Tb2,False
17392,Ba1O5Pd1Y2,False
17409,Ba1O6Sb2,True
17410,Ba1O6Sb2Tl1,False
17412,Ba1O6Se2,False
17423,Ba1O6Tl1W2,False
17426,Ba1O7P2Zn1,True
17427,Ba1O7Pr2Sc2,True
17432,Ba1O7Sc2Sm2,True
17440,Ba1O7Ti4,False
17444,Ba1O7V2Zn1,False
17449,Ba1O8P2,False
17452,Ba1O8P2Zn2,True
17457,Ba1O8S4Se1,False
17469,Ba1O8V3,False
17476,Ba1O9P2V1Zn1,False
17477,Ba1O9P3Tl1,False
17484,Ba1O9Si4,False
17490,Ba1Os2P2,True
17501,Ba1P2S8U1,False
17505,Ba1P3Pt2,True
17510,Ba1Pb1Zn1,False
17511,Ba1Pb3,True
17516,Ba1Pd1Sb2,True
17517,Ba1Pd1Si1,True
17519,Ba1Pd1Sn3,True
17522,Ba1Pd2Sb2,True
17523,Ba1Pd5,True
17525,Ba1Pr1S6Sn2,True
17527,Ba1Pr2S5Zn1,False
17532,Ba1Pt1Si3,True
17534,Ba1Pt2,True
17535,Ba1Pt2S3,True
17542,Ba1Rh2Si9,True
17548,Ba1S16V12,True
17559,Ba1S3U1,True
17563,Ba1S4Sm2,True
17569,Ba1S5Sn2,False
17576,Ba1Sb2Zn2,True
17582,Ba1Se2,True
17583,Ba1Se3,False
17584,Ba1Se32Sn32,False
17585,Ba1Se3Ta1,False
17592,Ba1Se5U2,True
17594,Ba1Si1Zn1,True
17606,Ba1Sn2Zn1,False
17611,Ba1Sr1,False
17615,Ba1Sr4,False
17616,Ba1Tb2Te4,True
17624,Ba1Te5U2,True
17630,Ba1Yb3,False
17634,Ba1Zn5,True
17645,Ba21O5Si2,False
17658,Ba2Bi1Ga1S5,True
17659,Ba2Bi1Ga1Se5,True
17666,Ba2Bi1Lu1O6,True
17670,Ba2Bi1O6Pr1,True
17679,Ba2Bi2Cu1F14Mg1,False
17680,Ba2Bi2Cu1F14Zn1,False
17681,Ba2Bi2Dy1K1O9,False
17683,Ba2Bi2Fe4O11,False
17688,Ba2Bi2O7Tl1,False
17695,Ba2Bi3O8Y1,False
17702,Ba2Br1Co4O7,False
17714,Ba2Br2H1,False
17720,Ba2C1Cu1N2O2,False
17721,Ba2C2Co1F2O6,False
17727,Ba2C4H14O15,False
17729,Ba2C6Cu1O16,False
17732,Ba2Ca1Co1F14Fe2,False
17734,Ba2Ca1Co2Cu1F14,True
17735,Ba2Ca1Co8O14Y1,False
17749,Ba2Ca1Cu2Mo1O8,False
17751,Ba2Ca1Cu2O14Tb2Ti3,False
17753,Ba2Ca1Cu2O8Tl2,False
17754,Ba2Ca1Cu3F14,True
17758,Ba2Ca1F14Mn1V2,True
17761,Ba2Ca1Ir1O6,True
17767,Ba2Ca1O15Sr2Ti5,False
17773,Ba2Ca1O6Te1,True
17776,Ba2Ca2Co3O10Tl2,False
17788,Ba2Ca2O10Ti3Tl2,False
17792,Ba2Ca3Cu4Hg1O10,False
17793,Ba2Ca3Cu4O11Tl1,False
17803,Ba2Ca7I18,False
17824,Ba2Cd2K1Sb3,True
17828,Ba2Ce1O6Pb1,True
17837,Ba2Cl1Co1F7Fe1,False
17846,Ba2Cl1F7Fe2,False
17855,Ba2Cl1P1,True
17874,Ba2Cl7Tm1,False
17877,Ba2Co1Cu2Er1O7,False
17879,Ba2Co1Cu2Gd1O7,False
17885,Ba2Co1Cu2O7Sm1,False
17892,Ba2Co1Ge2O7,True
17894,Ba2Co1Nb1O6,False
17897,Ba2Co1O6Re1,False
17899,Ba2Co1O6Ta1,False
17902,Ba2Co1O7Si2,True
17907,Ba2Co2Cu1Fe1O10Y2,False
17910,Ba2Co2O5,False
17919,Ba2Co3O10Tl2,False
17935,Ba2Co9O14,False
17937,Ba2Cr1Mo1O6,False
17939,Ba2Cr1Nb1O6,True
17957,Ba2Cr3O7Y1,False
17966,Ba2Cs2O3,False
17967,Ba2Cu1Er1Ni2O7,False
17971,Ba2Cu1F14Fe2,True
17978,Ba2Cu1F14Mg1Sn2,False
17984,Ba2Cu1F14Ni2Zn1,False
17995,Ba2Cu1Hg1O5Tl1,False
17996,Ba2Cu1Ho2O8Pt1,False
18000,Ba2Cu1Mn1O14P4,False
18001,Ba2Cu1O18P6,True
18004,Ba2Cu1O5Y1,False
18009,Ba2Cu1O6U1,False
18010,Ba2Cu1O6W1,False
18015,Ba2Cu1O8Pt1Yb2,True
18021,Ba2Cu2Eu3Mn2O12,False
18030,Ba2Cu2Hg1O7Y1,False
18041,Ba2Cu2O10Pt1Sr1Y2,False
18051,Ba2Cu3Dy1O7,False
18055,Ba2Cu3F14Zn1,True
18061,Ba2Cu3La1O7,False
18062,Ba2Cu3La1O8,False
18074,Ba2Cu3O6S1Y1,False
18077,Ba2Cu3O7Pb1Y1,False
18087,Ba2Cu3P4,True
18095,Ba2Cu4Mg3O12Tl2,False
18097,Ba2Cu4O6Y1,False
18102,Ba2Cu4O8Yb1,False
18109,Ba2Dy1In1Se5,True
18111,Ba2Dy1Mo1O6,True
18130,Ba2Eu1Nb1O6,True
18133,Ba2Eu1O6Ru1,True
18136,Ba2Eu2O8Pt1Zn1,False
18138,Ba2F10Fe3,False
18141,Ba2F10Ni3,False
18143,Ba2F11Fe2Y1,False
18159,Ba2F14Fe2Zn1,False
18162,Ba2F18Zn7,True
18163,Ba2F19Y5,False
18168,Ba2F1Mn1P2,False
18169,Ba2F1N1,False
18191,Ba2F8Zr1,True
18199,Ba2Fe1O4,True
18203,Ba2Fe1O6U1,True
18205,Ba2Fe1O6W1,False
18208,Ba2Fe1S5Sb1,False
18209,Ba2Fe1Se3,False
18227,Ba2Fe4O12Tl2Zn3,False
18231,Ba2Ga1Gd1Te5,False
18238,Ba2Ga1S5Sb1,True
18242,Ba2Ga1Se5Sm1,True
18249,Ba2Gd1Mo1O6,True
18261,Ba2Ge1S10Sb4,False
18264,Ba2Ge1Se4,True
18266,Ba2Ge2Mn1O7,True
18275,Ba2Ge4Ni5,True
18292,Ba2H8O8Pt1,True
18296,Ba2Hf7O16,False
18303,Ba2Hg1S5,True
18321,Ba2I1O4P1,True
18326,Ba2I5O17V1,False
18329,Ba2I7La1,False
18334,Ba2In1Mg1,False
18337,Ba2In1Nd1Se5,True
18342,Ba2In1O6Sb1,True
18344,Ba2In1O6U1,True
18345,Ba2In1O6Zr1,False
18346,Ba2In1Sb1Se5,True
18349,Ba2In1Se5Y1,True
18352,Ba2In1Tl1,False
18363,Ba2Ir1O4,False
18367,Ba2Ir1O6Tb1,True
18368,Ba2Ir1O6Y1,True
18384,Ba2La1O6Sb1,True
18387,Ba2La2Mg1O12Ti3,False
18391,Ba2La2O12W2Zn1,False
18393,Ba2La3Li3Mo8O32,False
18401,Ba2Li1O24Ti11,False
18402,Ba2Li1O6Os1,True
18404,Ba2Li1O6Te1,True
18406,Ba2Li1O9P2V1,False
18418,Ba2Lu1O6Ta1,True
18422,Ba2Mg1O3,False
18423,Ba2Mg1O6Os1,True
18430,Ba2Mg2Mn3O10Tl2,False
18431,Ba2Mg2Ni3O10Tl2,False
18435,Ba2Mg3Mn4O12Tl2,False
18464,Ba2Mn3O10Tl2,False
18468,Ba2Mn3O7,False
18469,Ba2Mn3O7Y1,False
18479,Ba2Mo1O6Sm1,True
18489,Ba2Mo6S9,True
18491,Ba2N15Rb1,False
18512,Ba2Na2O23Si6Zr2,False
18518,Ba2Nb1O6Pr1,True
18526,Ba2Nb1O6Yb1,False
18529,Ba2Nb5O9,True
18530,Ba2Nb6O21Te2,False
18531,Ba2Nb8O11,False
18535,Ba2Nd1O6Ta1,True
18552,Ba2Np1Sr1,False
18560,Ba2O11P2Te1Zn2,True
18565,Ba2O12Si3Zr2,False
18572,Ba2O16Sn1,False
18586,Ba2O3Pd1,True
18588,Ba2O3Zn1,True
18595,Ba2O4V1,True
18596,Ba2O4Zr1,True
18599,Ba2O5Sb2,True
18607,Ba2O6Os1Sc1,True
18615,Ba2O6Pr1Sb1,True
18616,Ba2O6Pr1Sn1,False
18617,Ba2O6Pr1Ta1,True
18621,Ba2O6Re1Sc1,True
18634,Ba2O6Sb1Tl1,True
18637,Ba2O6Sc1Ta1,True
18639,Ba2O6Sm1Ta1,True
18644,Ba2O6Sr1U1,True
18650,Ba2O6Ta1Yb1,True
18652,Ba2O6Te1Zn1,True
18656,Ba2O6U1Yb1,True
18658,Ba2O6U1Zr1,False
18661,Ba2O6W1Zr1,False
18676,Ba2O7Ti2Tl1Y1,False
18682,Ba2O7U2,True
18697,Ba2O8Ti3Y1,False
18701,Ba2O8W3,False
18704,Ba2O9P2V1,True
18707,Ba2P1Pd2,False
18717,Ba2S3,False
18720,Ba2S4Sn1,True
18724,Ba2S6Ti1V1,False
18726,Ba2Sb1,False
18729,Ba2Sb6Sn3,True
18731,Ba2Se4Si1,True
18744,Ba38H1Li26Na58,False
18745,Ba38Li26N1Na58,False
18748,Ba3Be1Ir2O9,False
18749,Ba3Bi1Cl3O3,True
18774,Ba3Br1Ga1S4,True
18787,Ba3C3Co1N3,True
18789,Ba3C3N3Rh1,True
18791,Ba3C5Ce2F2O15,False
18795,Ba3Ca1,False
18801,Ba3Ca1Nb2O9,True
18804,Ba3Ca1O9Sb2,True
18806,Ba3Ca1O9Ti1W1,False
18809,Ba3Ca2N6Si2,True
18819,Ba3Cd2Sb4,True
18829,Ba3Cl1N5O1Si3,False
18830,Ba3Cl1O10P3,True
18831,Ba3Cl1O15Re3Sr2,True
18832,Ba3Cl2Cs1Ga5Se10,False
18833,Ba3Cl2Cu2O4,False
18834,Ba3Cl2Fe2O5,True
18840,Ba3Cl2O2,False
18841,Ba3Cl2O5Tl2,False
18844,Ba3Cl4Li2O7V2,False
18847,Ba3Co1Cu3O10Sr1,False
18860,Ba3Co3Cu5O24Sr5,False
18866,Ba3Co4O12Sr1,True
18875,Ba3Cr1S5,False
18878,Ba3Cr2O8,False
18879,Ba3Cr2O9W1,True
18882,Ba3Cr7La7O30Ti3,False
18889,Ba3Cu2Ho2O10Pt1,False
18901,Ba3Cu6Nd2O14Sr1,False
18902,Ba3Cu6Nd3O14,False
18905,Ba3Dy1,False
18909,Ba3Dy2P4S16,True
18910,Ba3Dy4O9,False
18914,Ba3Er1O9Ru2,True
18919,Ba3Eu1,False
18927,Ba3F12Mn1,False
18937,Ba3Fe10O20Sn1,False
18942,Ba3Fe1S5,False
18968,Ba3Ga3P5,True
18973,Ba3Gd2P4S16,True
18975,Ba3Ge16Ir4,True
18991,Ba3Hf2O7,True
18996,Ba3Ho1O9Ru2,True
19000,Ba3I12La2,False
19003,Ba3I2Si1,True
19007,Ba3I9Y1,False
19008,Ba3In11Li1,False
19009,Ba3In1Ir1O9Ru1,True
19017,Ba3In2O6,True
19018,Ba3In2O9U1,True
19021,Ba3Ir1La1O9Ru1,False
19022,Ba3Ir1Li1O9Ru1,False
19024,Ba3Ir1Mg1O9Ru1,True
19026,Ba3Ir1Na1O6,True
19027,Ba3Ir1Na1O9Ru1,True
19028,Ba3Ir1Nd1O9Ru1,True
19029,Ba3Ir1Ni1O9Ru1,False
19037,Ba3Ir2La1O9,True
19053,Ba3K2Sb4,False
19061,Ba3La2Nb2O15Ti2,False
19080,Ba3Mg1O14V4,False
19096,Ba3Mn1O9Ta2,True
19102,Ba3Mn4O12Pt1,False
19103,Ba3Mo1,False
19107,Ba3Mo2N2O6,False
19113,Ba3N1Sb1,True
19115,Ba3N2O12Si6,True
19117,Ba3N3Os1,True
19118,Ba3N4O9Si6,True
19123,Ba3Na1Nd3O20Si6,True
19126,Ba3Na1O6Ru1,True
19130,Ba3Na1O9Os2,True
19131,Ba3Na1O9Ru2,True
19135,Ba3Na7Nb7O30Ti3,False
19143,Ba3Nb2O9Zn1,True
19147,Ba3Nb5O15,False
19148,Ba3Nb6O26Si4,True
19151,Ba3Nd1O9Ru2,True
19153,Ba3Ni1O9Ru2,True
19162,Ba3O12Sb2Sr1Y2,False
19181,Ba3O1Sn1,True
19194,Ba3O28Rh14,True
19203,Ba3O6Sb2,True
19211,Ba3O7Zr2,True
19214,Ba3O8V2,True
19225,Ba3O9Ru2Zr1,False
19228,Ba3O9Sm2W1,False
19230,Ba3O9Ta2Zn1,True
19255,Ba3S5Ti1,False
19257,Ba3S7Sn2,True
19265,Ba3Se7Th1,True
19270,Ba3Sn2,False
19273,Ba3Tb1,False
19283,Ba4Bi1O15Sc1Ti4,False
19314,Ba4Ca1Cu2F28Fe4,False
19317,Ba4Ca1Cu6O20Tl4,False
19326,Ba4Cd3Li2P6,True
19341,Ba4Co1Cu7O24Sr4,False
19344,Ba4Co1O30Ta10,True
19345,Ba4Co2Mo1Nb1O12,False
19347,Ba4Co3Cu5O24Sr4,False
19353,Ba4Co8La4O17,False
19355,Ba4Co8O23Pr4,False
19357,Ba4Cr13O28,False
19377,Ba4Cu3O12Re1,False
19378,Ba4Cu3O12Se1,False
19386,Ba4Cu3Si20,True
19393,Ba4Cu5O14Y2,False
19405,Ba4Cu6Nd1O14Pr1,False
19407,Ba4Cu6Nd2O13,False
19408,Ba4Cu6Ni1O15Y2,False
19410,Ba4Cu6O13Tm2,False
19425,Ba4F13Mo2O6,False
19429,Ba4F1K1O14Ti5,False
19433,Ba4F4Fe1Ga2S6,True
19439,Ba4Fe1Nb1O8,True
19443,Ba4Fe2O11Y2,False
19448,Ba4Ga1N3O1,False
19450,Ba4Ga22Sn1,False
19487,Ba4La2O12Ru1Sb1,False
19490,Ba4Li1N7W2,True
19507,Ba4Nb25O40,False
19522,Ba4O10Ti3,False
19523,Ba4O12Pr1Ru3,False
19524,Ba4O12Pt1Ti3,False
19525,Ba4O12Re1Sc1W1,True
19527,Ba4O12Ru3Zr1,True
19529,Ba4O12Ti1Zr3,False
19532,Ba4O15Pt1Sm4Zn3,False
19533,Ba4O15Sn5Sr1,False
19535,Ba4O1P2,False
19538,Ba4O25Si4Ti6,False
19541,Ba4O30Ti13,True
19542,Ba4O31S16Se4,False
19544,Ba4O6Pd1,True
19547,Ba4O7Y2,False
19564,Ba5Bi1O15Pb4,True
19569,Ba5Bi6Sn9,False
19574,Ba5Br6O4Si1,True
19575,Ba5Ca2Nb3O15,False
19580,Ba5Cl1Co4O13Pt1,False
19581,Ba5Cl1Co5O13,False
19582,Ba5Cl1Cu4F17,True
19584,Ba5Cl1O12P3,True
19586,Ba5Cl1O15Os3,True
19589,Ba5Cl2O14V4,False
19591,Ba5Cl2O9Ta2,True
19593,Ba5Cl6O4Si1,True
19594,Ba5Co4Mn1O14,False
19602,Ba5Dy8O21Zn4,False
19606,Ba5Eu8O21Zn4,False
19610,Ba5F1O12P3,True
19611,Ba5F20Nb3O3,True
19612,Ba5Fe3O15W2,True
19614,Ba5Fe4Nd2O15Sr1,True
19617,Ba5Fe9S18,False
19623,Ba5Ga5Pb1,True
19625,Ba5Ga6,False
19641,Ba5In5O12,False
19643,Ba5K2O30Si12,False
19648,Ba5Lu8Ni4O21,False
19671,Ba5O15Ta4,True
19679,Ba5P9,False
19681,Ba5S8Sn2,False
19686,Ba6Bi13Se26,False
19699,Ba6Ca1I14,False
19700,Ba6Ca2Ir3O18Ru1,True
19701,Ba6Ca2O18Ru3Ta1,False
19704,Ba6Ca6Cu9O29Tl5,False
19714,Ba6Cl3Mn4O34Si12,False
19723,Ba6Co4O15Pr2,True
19727,Ba6Cr2Na2O17Ru2,True
19734,Ba6Cu3Na1Te14,True
19745,Ba6Fe4La2O15,True
19752,Ba6Ga4Lu2O15,True
19757,Ba6Ga7K1O21Zn4,True
19766,Ba6I14Sr1,False
19767,Ba6I15Y1,False
19771,Ba6Li2Nb9O42Ti7,False
19775,Ba6Lu2O18W3,True
19777,Ba6Mn2Na2Nb2O17,True
19779,Ba6Mn2Na2O17Ta2,True
19785,Ba6Na1Nd1O16Si4,False
19789,Ba6Na2O17P2Ru2,True
19790,Ba6Na2O17Ru2V2,True
19794,Ba6Nb14O47Si4,True
19803,Ba6O18Pt1Ru3Y2,True
19804,Ba6O18Pt1Ti5,True
19814,Ba6Se13Sn6,True
19815,Ba6Si25,False
19816,Ba7Br1Cl1F12,False
19827,Ba7Cu8O24Sr1,False
19828,Ba7F32Fe6O2,False
19834,Ba7Ga4P9,False
19835,Ba7Ga4Sb9,False
19836,Ba7Ge39,False
19837,Ba7Ge6,False
19838,Ba7Hg31,False
19839,Ba7Ir6O19,False
19840,Ba7Li3N3Na5,False
19845,Ba7Nb4O21Ti2,False
19852,Ba8Bi2F17,False
19857,Ba8Br1P5,True
19858,Ba8Br2O18Ru3Ta2,False
19859,Ba8Ca1Cu12O24Y3,False
19863,Ba8Ca3O24Sr1W4,False
19870,Ba8Cl34Eu7,True
19872,Ba8Co1O32Si8Ti3,False
19874,Ba8Co7O21,False
19877,Ba8Cu12O28Pr1Y3,False
19880,Ba8Cu16Lu1O32Y3,False
19882,Ba8Cu1Si16,False
19886,Ba8Fe8O21,False
19893,Ba8Ho3O18Pt4,True
19896,Ba8Li1Nb7O24,False
19897,Ba8Li1O24Ta7,False
19900,Ba8Mn8O23,False
19915,Ba9Br33La5,False
19917,Ba9C1Cl7Li1O28Si10,False
19929,Ba9I33La5,False
19936,Ba9Nd2S12,False
19938,Ba9O24Sc2Si6,False
19944,Be12K7O48P12,False
19952,Be12V1,True
19958,Be13Eu1,True
19968,Be13Pa1,True
19972,Be13Sb1,False
19978,Be13Tm1,True
19980,Be13W1,False
19981,Be13Y1,True
19987,Be15Cu8Nb6,True
20001,Be17Ru3,True
20012,Be1Br2,True
20016,Be1C1F4H8Li1N1O1,False
20017,Be1C1K3O7P1,False
20024,Be1C8Cl2H24O4S4,False
20025,Be1Ca1Eu2O5,False
20026,Be1Ca1F1Na1O6Si2,True
20027,Be1Ca1F1O4P1,False
20031,Be1Ca1La2O5,False
20034,Be1Ca1O3,False
20046,Be1Ce1H1O5Si1,False
20047,Be1Ce1O3,False
20050,Be1Cl15K3Zr6,True
20057,Be1Cl4Li2,False
20059,Be1Co1,True
20070,Be1Cr1La3S7,False
20071,Be1Cr1Nd3S7,False
20073,Be1Cr1Pr3S7,False
20084,Be1Cs2O2,True
20093,Be1Cu4Tb1,False
20100,Be1Er1O3,False
20106,Be1Eu2O5Sr1,False
20112,Be1F3N1,False
20121,Be1F4Li1Na1,False
20122,Be1F4Li2,True
20131,Be1F5K3,False
20152,Be1Ga1Rh2,True
20153,Be1Ga2O4,True
20156,Be1Gd1O5Sr2,False
20157,Be1Gd2O5Sr1,False
20159,Be1Ge1Na2O4,False
20161,Be1Ge1P2,True
20165,Be1Ge2Te1,False
20166,Be1Ge3,False
20169,Be1H1Na1O8Si3,True
20173,Be1H3K1,False
20174,Be1H3Li1,True
20177,Be1H3Rb1,False
20188,Be1H8I2O10,True
20190,Be1H8Na2O14Si4,False
20191,Be1H8O8S1,True
20195,Be1Hf1O3,False
20199,Be1Hg1O3,False
20217,Be1K3,False
20227,Be1La3S7V1,False
20228,Be1Li1,False
20254,Be1Na1O4P1,True
20257,Be1Na2O2,True
20269,Be1Np1O3,False
20291,Be1O3Ti1,False
20305,Be1O6P2,True
20312,Be1P2Si1,True
20313,Be1P2Sn1,False
20328,Be1S2Zn1,False
20330,Be1Sc2Tc1,False
20334,Be1Si1Zr1,True
20335,Be1Ta2,True
20342,Be1Zr3,False
20352,Be2C1,True
20356,Be2Ca1Ge2,False
20368,Be2Co1,False
20373,Be2Co1Mn1,False
20375,Be2Co1Pt1,True
20378,Be2Cs1F5,True
20379,Be2Cu1,True
20380,Be2Cu1Ir1,True
20382,Be2Cu1Rh1,True
20387,Be2Er2O7Si1,False
20393,Be2F8H20N2Ni1O6,False
20402,Be2F8O6Rb2Zn1,False
20409,Be2Ge1Ho2O7,True
20417,Be2Ge1O7Tm2,False
20421,Be2H5O7P1,False
20439,Be2Lu2O7Si1,False
20446,Be2Mo1,True
20474,Be2Pd1Pt1,True
20500,Be3Cd2F12N2,False
20501,Be3Cd2F12Rb2,True
20502,Be3Cd2F12Tl2,False
20522,Be3F12Mg2Rb2,True
20531,Be3F12Tl2Zn2,False
20539,Be3Fe4O12Si3Te1,True
20541,Be3Ge3Mn4O12S1,True
20543,Be3Ge5Sr4,False
20553,Be3Mn4O12S1Si3,True
20562,Be3O12S1Si3Zn4,True
20565,Be3O12Si3Ti2,False
20566,Be3O12Si3Ti2Zn1,False
20569,Be3O4Sr1,True
20572,Be3P2,True
20575,Be3Ru1,True
20582,Be46Os7,False
20583,Be46Rh7,False
20589,Be4Co1Ge1,False
20595,Be4Fe1Ge1,False
20596,Be4Ge1Ni1,False
20599,Be4Mo1Ta1,False
20601,Be4Na10O17Si4,False
20609,Be4Ta1Ti1,False
20613,Be5Pd1,True
20652,Bi12Ca1Cr1Mo4O34,False
20660,Bi12Co1O20,False
20667,Bi12Ga1O20,False
20669,Bi12Ho1O20,False
20672,Bi12Ir1O20,False
20676,Bi12Ni1O20,False
20679,Bi12O20Pb1,False
20696,Bi14Cl8O21Pb4,False
20708,Bi14Sm3Te24,False
20710,Bi15Nd1O48Ti12,False
20714,Bi15O55Ru16,False
20716,Bi16Mn16O45,False
20717,Bi16O25,False
20722,Bi17O43P5Pb5,False
20731,Bi19O30,False
20732,Bi1Br1,False
20740,Bi1Br1O2Pb1,True
20741,Bi1Br1O2Sr1,True
20749,Bi1Br6Cs2Cu1,False
20762,Bi1Br6Hg1Rb2,False
20766,Bi1Br6K3,False
20768,Bi1Br6Li1Rb2,False
20770,Bi1Br6Rb2Tl1,False
20771,Bi1Br6Rb3,True
20772,Bi1Br7F4N6,False
20778,Bi1C18Cl1H54N4Si6,False
20779,Bi1C18O18Ru5,False
20786,Bi1C1Li3O7Si1,False
20794,Bi1C1O3,False
20800,Bi1C3N9O9S3,False
20804,Bi1C4Cl3O2S2,False
20808,Bi1C4N4Rb1S4,False
20826,Bi1Ca1F5,False
20829,Bi1Ca1Fe1Mn1O6,False
20830,Bi1Ca1Fe2O6,False
20833,Bi1Ca1K1,True
20835,Bi1Ca1Li1,True
20843,Bi1Ca1O5Sn1,False
20846,Bi1Ca1O5V1,True
20848,Bi1Ca1O6V1,False
20851,Bi1Ca2,True
20854,Bi1Ca2Ho1Mn4O12,False
20856,Bi1Ca2Nb2O8,False
20857,Bi1Ca2O5Y1,False
20859,Bi1Ca2O6Ta1,False
20866,Bi1Ca8O28V7Zn1,False
20876,Bi1Cd1O5V1,True
20881,Bi1Cd2Tl1,False
20882,Bi1Cd3,False
20891,Bi1Ce2Cu1S5,False
20899,Bi1Cl1Cu3O8Te2,False
20900,Bi1Cl1F8,True
20907,Bi1Cl1Se1,True
20909,Bi1Cl2Cu1S1,False
20910,Bi1Cl2K1O4S1,True
20926,Bi1Cl6Cs2Tl1,False
20940,Bi1Cl6Na1Rb2,True
20943,Bi1Cl8F4H3K6,True
20944,Bi1Cl8O2W2,False
20945,Bi1Co13La6,True
20956,Bi1Co2Dy5,False
20964,Bi1Co5Ho12,True
20968,Bi1Co5Y12,True
20975,Bi1Cr1O3,False
20979,Bi1Cr1O6W1,False
20983,Bi1Cr3K1O12,False
21001,Bi1Cs1O2,True
21007,Bi1Cs1Tl2,False
21011,Bi1Cs2F6In1,False
21013,Bi1Cs2F6Li1,True
21015,Bi1Cs2F6Rb1,True
21017,Bi1Cs2Hg1I6,False
21020,Bi1Cs2I6Li1,False
21022,Bi1Cs2I6Rb1,False
21029,Bi1Cs3Se3,True
21034,Bi1Cu1I6K2,False
21050,Bi1Cu1O8W2,False
21057,Bi1Cu1Tc1,False
21060,Bi1Cu2Hg1O15Sb1Sr7,False
21063,Bi1Cu2O10Sr4Tl1,False
21066,Bi1Cu2O7Sr2,False
21069,Bi1Cu3Fe1O12Sr3Y2,False
21071,Bi1Cu3Li4O16P4,False
21072,Bi1Cu3Mn4O12,False
21075,Bi1Cu6S6,False
21077,Bi1Dy1,True
21078,Bi1Dy1Ni1,True
21082,Bi1Dy1Pt1,True
21087,Bi1Dy5Ni2,False
21100,Bi1Er5Pt2,False
21101,Bi1Eu1Hg2,False
21116,Bi1F3,True
21118,Bi1F3Rb1,False
21123,Bi1F4Rb1,False
21126,Bi1F5K2,True
21127,Bi1F5Li1,False
21132,Bi1F6Hg1K2,False
21134,Bi1F6In1K2,False
21146,Bi1F6Na1,True
21147,Bi1F6Na1Rb2,True
21148,Bi1F6Na3,False
21151,Bi1F6Rb3,True
21153,Bi1F7Pb2,False
21154,Bi1Fe13Nd6,False
21157,Bi1Fe1La1O6,False
21164,Bi1Fe1Mn1O6Sr1,False
21170,Bi1Fe1O6Sr1Ti1,False
21171,Bi1Fe1O7P1Pb1,False
21172,Bi1Fe1O9Se3,True
21185,Bi1Ga3,False
21186,Bi1Gd1,True
21192,Bi1Gd3O3,False
21201,Bi1Ge2O6,False
21205,Bi1H8Li3O7,False
21212,Bi1Hg1I6K2,False
21217,Bi1Hg1Na2,False
21218,Bi1Hg1O3,False
21223,Bi1Hg1Yb2,False
21233,Bi1Ho1Pd1,True
21244,Bi1I1In2Se4,False
21249,Bi1I1O3Te1,False
21251,Bi1I1S1,False
21252,Bi1I1Se1,False
21260,Bi1I6K2Na1,False
21265,Bi1I6Na1Rb2,False
21275,Bi1In3,False
21278,Bi1Ir1Se1,True
21280,Bi1K1,True
21281,Bi1K1Li6O6,True
21283,Bi1K1Mg30O32,False
21286,Bi1K1O12P4,True
21296,Bi1K1S4Si1,True
21299,Bi1K1Tl2,True
21307,Bi1K3O4,True
21309,Bi1K3Se3,True
21311,Bi1K4,False
21312,Bi1K8O3,False
21314,Bi1K9P4S16,True
21316,Bi1La1Mg6,False
21320,Bi1La1O3,False
21325,Bi1La1Pt1,True
21353,Bi1Li1Sr1,True
21355,Bi1Li1Yb1,True
21357,Bi1Li2Na1,True
21358,Bi1Li2Ni1O4,False
21363,Bi1Li2O2,False
21382,Bi1Li5O14P4,False
21401,Bi1Lu5Ni2,True
21402,Bi1Lu5Pd2,True
21403,Bi1Mg1,False
21404,Bi1Mg149,True
21405,Bi1Mg14Mn1O16,False
21408,Bi1Mg1Mn1O5,False
21412,Bi1Mg1Ni1O9P2,False
21420,Bi1Mg1O6P1,False
21421,Bi1Mg1O6V1,False
21426,Bi1Mg2O6Ta1,False
21440,Bi1Mg30O32Y1,False
21441,Bi1Mg30O32Zn1,False
21450,Bi1Mn1O5P1,True
21455,Bi1Mn1O6Sr3,True
21457,Bi1Mn2Na1O6,False
21459,Bi1Mn2O5,True
21461,Bi1Mn2O6Sr1,False
21468,Bi1Mn7O12,False
21469,Bi1Mo1O2,False
21471,Bi1Mo1O5Zn1,False
21477,Bi1Mo30Pb4S40,False
21479,Bi1N1,False
21480,Bi1N1Nd2,False
21485,Bi1N1Pr2,True
21494,Bi1Na1O3,True
21499,Bi1Na1S2,True
21503,Bi1Na2O3,True
21517,Bi1Nb2O8Zn2,False
21524,Bi1Nd1O4,True
21529,Bi1Nd2O2,True
21535,Bi1Ni1O9P2,False
21543,Bi1Ni1Zr1,False
21545,Bi1Ni2Tb5,False
21553,Bi1O10Ta1W2,False
21554,Bi1O10U4,False
21566,Bi1O14Pr3Ru4,False
21567,Bi1O14Pt1,False
21569,Bi1O14Ru4Y3,False
21572,Bi1O15Pb2Rh7,False
21574,Bi1O19Ta7,True
21576,Bi1O24P6Sb3,True
21582,Bi1O2W1,False
21589,Bi1O3Rb8,False
21609,Bi1O4Ta1,True
21610,Bi1O4Te1,True
21615,Bi1O5P1Pb1,True
21617,Bi1O5Re1,False
21621,Bi1O5Ta1,False
21629,Bi1O5W1Zn1,False
21635,Bi1O6Sc1Sr2,False
21639,Bi1O6Zn2,False
21643,Bi1O7Ru2Sm1,False
21649,Bi1O8P1Rb2W1,True
21655,Bi1O8V2Y1,True
21660,Bi1Os1Se1,False
21675,Bi1Pd1Pr1,True
21678,Bi1Pd1Sm1,True
21705,Bi1Pt1Tb1,True
21709,Bi1Pt1Yb1,True
21715,Bi1Pu1,False
21720,Bi1Rb3,True
21721,Bi1Rb3Se3,True
21722,Bi1Rb4,False
21727,Bi1Rh1Tb1,True
21734,Bi1S2,True
21754,Bi1Se3Sr1,False
21766,Bi1Tb1,True
21767,Bi1Tb1Te3,False
21769,Bi1Te1,False
21771,Bi1Te1Th2,True
21777,Bi1Te6Tl9,True
21781,Bi1Tl1,False
21783,Bi1Tl4,False
21785,Bi1U1,False
21798,Bi24Br10O31,False
21808,Bi25O38,False
21809,Bi25O39Tl1,False
21812,Bi28Cr2O47,False
21821,Bi2Br1In1S4,False
21826,Bi2Br1O4Sm1,True
21829,Bi2Br1O4Y1,True
21830,Bi2Br1O4Yb1,False
21834,Bi2Br4Ca4O3,False
21835,Bi2Br7Cs1,False
21848,Bi2C3H18I9N9,True
21854,Bi2C4Na6O16P1,False
21867,Bi2Ca1Mn1,False
21871,Bi2Ca1O10P2,False
21872,Bi2Ca1O10V2,False
21878,Bi2Ca1O9Ta2,True
21879,Bi2Ca2Cu2O8Sr1,False
21881,Bi2Ca3,False
21883,Bi2Ca3O12Si3,False
21886,Bi2Ca3O7,False
21888,Bi2Cd1Cs2S5,True
21913,Bi2Cl1O4Yb1,False
21921,Bi2Cl8Hg3S2,True
21923,Bi2Cl8Te7,True
21925,Bi2Cl9N3,False
21927,Bi2Co1Er6,False
21937,Bi2Co1O7Zn1,False
21942,Bi2Co4O15Sr6,False
21944,Bi2Cr1Ga1O6,False
21950,Bi2Cs2S5Zn1,True
21960,Bi2Cu1O4,True
21961,Bi2Cu1O6Sr2,False
21966,Bi2Cu2Er1O8Sr2,False
21968,Bi2Cu2Ho1O8Sr2,False
21986,Bi2Dy6Fe1,False
21990,Bi2Er3Ho3Mn1,True
21993,Bi2Eu1,True
21999,Bi2Eu1S4,False
22005,Bi2F2O4Ti1,False
22011,Bi2Fe1Lu6,True
22014,Bi2Fe1O8P1,False
22016,Bi2Fe1Ti4,True
22017,Bi2Fe1Tm6,True
22020,Bi2Fe2O4Se2Y1,False
22032,Bi2Ge1O5,False
22054,Bi2I1Nd1O4,True
22074,Bi2Ir2O7,True
22082,Bi2K3O12V3,True
22090,Bi2La2O12Ti3,False
22098,Bi2Li1O12P3,False
22105,Bi2Li3O12P3,False
22110,Bi2Li4O13Si4,False
22116,Bi2Li6O7,False
22137,Bi2Mg3O12V2,False
22149,Bi2Mo1Nb1,False
22180,Bi2O11Ti4,False
22181,Bi2O12P2Zn3,False
22182,Bi2O12P3,False
22196,Bi2O1S2,True
22198,Bi2O1Sr4,True
22199,Bi2O21S6,True
22202,Bi2O24P6V3,False
22208,Bi2O4Sr1,True
22215,Bi2O5Te1,True
22222,Bi2O6Pr1Zn1,False
22223,Bi2O6Se1,False
22230,Bi2O6Zn1,False
22239,Bi2O7Tb2,False
22246,Bi2O8Pd3Pt1,False
22247,Bi2O8W1,False
22252,Bi2O9Si3,False
22256,Bi2O9W2,True
22271,Bi2Pd5,True
22273,Bi2Pt3Se2,False
22277,Bi2Rh3S2,True
22281,Bi2S3,True
22289,Bi2Se1Te2,True
22303,Bi2Tl1,False
22311,Bi37Br48In1,False
22313,Bi3Br1La5,True
22314,Bi3Br1Nb2O11Sr2,False
22318,Bi3Br2Li1O4,True
22335,Bi3Cl1O8Pb1W1,False
22339,Bi3Cl2Na1O4,True
22349,Bi3Cu1Tb5,False
22353,Bi3Cu4O4Pb1Se4,True
22364,Bi3F10Rb1,True
22366,Bi3F11K2,False
22367,Bi3F11Rb2,False
22375,Bi3Fe3O12Pb1Ti1,False
22382,Bi3Ge1,False
22384,Bi3Hg1,False
22392,Bi3I3O4Sr1,False
22394,Bi3In1Se6,False
22395,Bi3In1Te4,False
22396,Bi3In2Na3,False
22405,Bi3K3Na2Sn1,True
22414,Bi3La5,True
22419,Bi3Li1O5,False
22428,Bi3Li4O8,False
22430,Bi3Li9O29P8,False
22437,Bi3Mg2O8,False
22439,Bi3Mn2Ni1O9,False
22445,Bi3Na1,False
22448,Bi3Nb1O14Ti3Zn1,False
22453,Bi3Nd4,True
22472,Bi3O6Tb1,False
22478,Bi3O7Ta1,False
22479,Bi3O7Zn1,False
22491,Bi3Pm1,True
22492,Bi3Pr1,False
22499,Bi3Rb1S5,False
22500,Bi3Rb1Se5,True
22502,Bi3S1Te2,False
22506,Bi3Se4,False
22507,Bi3Si1,False
22517,Bi3Tb4,False
22518,Bi3Tb5,True
22521,Bi3Tm1,False
22530,Bi4Br1I3,False
22534,Bi4Br2O9Te2,False
22566,Bi4Cu3Nd3,True
22570,Bi4Cu4Mn3,False
22602,Bi4Li2O12Ti3,False
22617,Bi4Ni3U3,False
22630,Bi4O7Rb2,True
22643,Bi4Rb5,False
22644,Bi4Rh1,True
22652,Bi4Th3,True
22660,Bi5Co1Fe4O15,False
22661,Bi5Co8O20,False
22666,Bi5Cu2Rb3S10,True
22672,Bi5Fe1O15Ti3,False
22674,Bi5Fe4O18Pb1Sr4,False
22680,Bi5La3Mg1,False
22690,Bi5Na1O8,False
22692,Bi5Na8O14,False
22697,Bi5O18Te3,False
22699,Bi5O9Sr1,False
22713,Bi6Cl1K1O9,False
22732,Bi6In2Sr5,True
22734,Bi6Mn3Sm2,False
22735,Bi6Mo2O15,False
22736,Bi6N5O26,False
22739,Bi6O15P2Zn1,False
22742,Bi6O18Ti3W1,False
22745,Bi6O20P4Sr1,True
22755,Bi7C12Fe8Pr21,True
22760,Bi7Cu3Pb3S15,False
22762,Bi7Dy2O14,False
22764,Bi7F9O6,False
22768,Bi7I2,False
22771,Bi7La1O24Ti6,False
22776,Bi7O15V2,False
22779,Bi8Br10Cd1O8,False
22783,Bi8Ce4Ni3,True
22787,Bi8Cr1O15,False
22789,Bi8Cu2Pb2S15,False
22790,Bi8Cu2Pb3S13Se3,False
22800,Bi8La10O27,True
22806,Bi8O17V2,False
22812,Bi8Sn2Yb11,True
22822,Bi9I3Ir2,True
22823,Bi9I3Rh2,False
22830,Bi9O26Si6,False
22836,Br10Co1Tb6,True
22844,Br10O1Ta2Te4,False
22847,Br10Pr6Ru1,True
22853,Br11Hg5K1,False
22854,Br11Hg5N1,False
22870,Br13Cu4Rb3Tm2,True
22874,Br13N3O1Pr8,True
22876,Br13Sm6,False
22879,Br14Mo6Pb1,True
22881,Br15Ce1Cs2O3Ta6,True
22886,Br15Fe1Th6,True
22887,Br15K2La1O3Ta6,False
22893,Br16Cd1Nb6O18,False
22894,Br16Cd1O18Ta6,False
22900,Br16Ti7,True
22908,Br18Cs1Er1Ta6,True
22912,Br18Cs1Lu1Nb6,True
22923,Br1C10In1Mn2O10,False
22927,Br1C12Co3O12Sn1,False
22940,Br1C1H3,False
22952,Br1C2H8N1O1S1,False
22957,Br1C3Cd1Cl2H9O1S1,False
22963,Br1C4H12Na1O2S2,False
22985,Br1Cd2P3,False
22986,Br1Ce10N17O9Si10,False
22991,Br1Ce2S5Sb1,False
22995,Br1Cl1,True
22997,Br1Cl1Cr2S2,False
22999,Br1Cl1Cs2F4Os1,True
23004,Br1Cl1Hg3S2,False
23009,Br1Cl1Na2O6,False
23013,Br1Cl1Sn1,False
23015,Br1Cl2Cs1Hg1,False
23025,Br1Cl3K2Pd1,False
23026,Br1Cl3La4O4,False
23031,Br1Cl4Na5,False
23036,Br1Cl6F1K2,True
23044,Br1Co1O1,False
23049,Br1Cr2Cu1Se3,False
23054,Br1Cs1F6,True
23055,Br1Cs1I2,True
23068,Br1Cu1La1Nb2O7,False
23069,Br1Cu1La1O7Ta2,False
23072,Br1Cu1O2Sr2,True
23080,Br1Cu1Te1,True
23083,Br1Cu2I1,False
23084,Br1Cu2O3,False
23087,Br1Dy1Mo1O4,True
23090,Br1Er1Mo1O4,True
23092,Br1Er1O4W1,False
23096,Br1Eu1O1,True
23105,Br1F1N1P1,False
23119,Br1F5O3Te1,True
23121,Br1F6O2Sb1,True
23131,Br1Gd1Mo1O4,True
23136,Br1Gd3O8Si2,False
23144,Br1H1O1Sr1,True
23148,Br1H2Li1O5,False
23151,Br1H2O6Rb1Se2Zn1,True
23171,Br1Hg1I1,False
23172,Br1Hg1N1,False
23177,Br1Hg2N1,False
23181,Br1Ho1O1,True
23185,Br1I1Pb1,False
23188,Br1I2In1,False
23189,Br1I2K3,False
23202,Br1K1,True
23206,Br1K3Mo2O7,False
23208,Br1K3O12S3Sn2,True
23211,Br1La1,False
23216,Br1La2S5Sb1,True
23232,Br1Lu1Mo1O4,False
23233,Br1Lu1O1,True
23236,Br1Mg3,False
23240,Br1Mn3,False
23243,Br1Mo1O4Sm1,True
23254,Br1N17Nd10O9Si10,True
23265,Br1N3Pr6S4,True
23276,Br1Nd1O5Te2,False
23280,Br1Ni1O1,False
23289,Br1O1Rb3,False
23292,Br1O1Sm1,True
23294,Br1O1Tm1,True
23302,Br1O3,False
23306,Br1O4,False
23318,Br1O6P1U1,False
23330,Br1Rh1,False
23333,Br1S1Sb1,True
23337,Br1S3,False
23339,Br1Sb1Se1,True
23352,Br1Tl3,False
23358,Br1Zr3,False
23365,Br2C10Ge1O10W2,False
23366,Br2C10H40Mg1N20O10,True
23377,Br2C2Cd1H8N4S2,False
23397,Br2C6O8Sr1,False
23402,Br2Ca1H8O12,True
23406,Br2Ca3Cu2O4,False
23445,Br2Cr1,False
23447,Br2Cs1F1,True
23450,Br2Cs1Re3Se4,True
23463,Br2Cu2O6Sr2Te1,False
23483,Br2Gd2Ge1,True
23484,Br2Gd3O6,False
23489,Br2H12Ni1O12,False
23491,Br2H12Sr7,True
23503,Br2Hg1K2N2O12,True
23509,Br2Hg3Se2,True
23513,Br2Ho1,False
23515,Br2I1K1O1,False
23517,Br2K4O1,True
23534,Br2N3O2Os1,False
23535,Br2N3S2V1,False
23536,Br2Na4O1,False
23539,Br2Nb1Se2,False
23549,Br2O11Te4Zr2,True
23554,Br2O1S1,True
23556,Br2O2Pb3,True
23565,Br2O6Sr1,True
23575,Br2Sc1,False
23593,Br33La5Sr9,False
23594,Br3C12Fe1H36O6S6,False
23599,Br3C1H6N1Pb1,False
23603,Br3C1Pr3,True
23614,Br3C3Fe1H14N1O2,False
23627,Br3C6H18N1Sn1,False
23632,Br3Ca1K1,True
23635,Br3Cd1Cs1,True
23638,Br3Cd1In1,False
23650,Br3Cl1O48P12Sr20,False
23651,Br3Cl1Tl4,False
23667,Br3Cs1Dy1,False
23680,Br3Cs1Pd1,True
23683,Br3Cs1Sc1,False
23688,Br3Cs1Ti1,True
23693,Br3Cs2Li1,False
23700,Br3Cu3P4S3,False
23704,Br3Dy1,True
23705,Br3Dy1K1,False
23718,Br3Fe7O18P3Sb3,False
23727,Br3Ge1K1,True
23729,Br3Ge1Tl1,True
23730,Br3H15N5Rh1,True
23734,Br3H18O18Y1,True
23737,Br3H6K1Zn1,False
23740,Br3Hg1,False
23743,Br3Hg2I1,False
23745,Br3Hg3Sb2Tl1,True
23746,Br3Hg6I1S4,False
23759,Br3Ir1Pr3,True
23764,Br3K1N1Pt1,False
23765,Br3K1Ni1O6,False
23782,Br3Li5O2,False
23783,Br3Li6N1,False
23788,Br3Mn1Rb1,True
23791,Br3Mo1Te6,True
23798,Br3Nb1O1,True
23800,Br3Nb1Te1,True
23802,Br3Nd1,True
23805,Br3Ni1Rb1,True
23807,Br3O18Pr7,False
23814,Br3O7Sc1,False
23817,Br3P1,True
23823,Br3Pr1,True
23840,Br3Rh1,True
23843,Br3S1,False
23852,Br3Tc1,True
23854,Br3Tl1Yb1,True
23857,Br3U1,True
23859,Br3Y1,True
23860,Br3Y2,True
23861,Br3Yb1,False
23864,Br4C1,False
23867,Br4C2H12Hg1N6,False
23871,Br4C4Fe1H12P1,True
23878,Br4C4S1,False
23886,Br4Ce1La1S4Sb2,False
23887,Br4Cl1Co1H18Hg1N6,False
23906,Br4Cs2Zn1,True
23920,Br4Ga1K1,True
23934,Br4Hg2N2O3S1,False
23946,Br4Li1U1,False
23950,Br4Mg1O7Zn1,False
23955,Br4Na2Zn1,True
23957,Br4Nb1O1Tl1,True
23958,Br4O1Pt1Rb2,False
23963,Br4O4Rb2U1,False
23965,Br4Os1,True
23966,Br4Os1Y4,True
23978,Br4Tc1,True
23979,Br4Te1,True
23981,Br4Ti1,True
23982,Br4U1,True
23984,Br4Zr1,True
23991,Br5C2Pr4,False
23993,Br5Cd1Cs3,True
24002,Br5Cs2La1,True
24020,Br5In1K2O1,False
24025,Br5K1Pb2,True
24030,Br5K2N1O1Ru1,True
24034,Br5K2U1,True
24037,Br5La2,True
24046,Br5Nb1,True
24047,Br5Nb1O1Te7,False
24049,Br5Nd1Rb2,True
24052,Br5O1Te7W1,False
24063,Br5Rb1Sr2,True
24067,Br5Re1Te3,False
24073,Br5Ta1,True
24074,Br5Ta2,True
24079,Br5W1,False
24080,Br5W2,False
24085,Br6Ca1H12O6Zn2,False
24090,Br6Cd1N4,False
24091,Br6Cd1Rb4,True
24097,Br6Ce1Cu1Rb2,False
24098,Br6Ce1K2Li1,False
24102,Br6Ce1Li1Rb2,False
24103,Br6Ce1Na1Rb2,False
24105,Br6Cl1Ir1N5Rh1,False
24111,Br6Cs1Rb2Sc1,False
24115,Br6Cs2Cu1Mo1,False
24123,Br6Cs2Ga1In1,False
24129,Br6Cs2Hg1In1,False
24134,Br6Cs2In1K1,True
24136,Br6Cs2In1Na1,True
24141,Br6Cs2In1Y1,False
24144,Br6Cs2K1Pr1,True
24150,Br6Cs2La1Na1,False
24154,Br6Cs2Li1Sb1,False
24164,Br6Cs2Na1Ta1,False
24169,Br6Cs2Pd1,True
24171,Br6Cs2Rb1Sb1,False
24173,Br6Cs2Rb1Tl1,False
24183,Br6Cs3Ga1,False
24192,Br6Cu1In1K2,False
24196,Br6Cu1K2Nd1,False
24199,Br6Cu1K2Ta1,False
24201,Br6Cu1K2Y1,False
24202,Br6Cu1Mo1Rb2,False
24218,Br6Ga1Hg1Na2,False
24228,Br6Ga1Na3,False
24236,Br6H18O8Te1,True
24238,Br6H8N2Re1,False
24245,Br6Hg1K2Y1,False
24257,Br6Hg7Sb4,False
24259,Br6In1K1Rb2,False
24265,Br6In1K3,False
24280,Br6K1Rb2Tl1,False
24282,Br6K2Li1Nd1,False
24287,Br6K2Li1Y1,False
24294,Br6K2Na1Ta1,False
24301,Br6K2Pt1,True
24305,Br6K2Rb1Tl1,False
24307,Br6K2Re1,True
24310,Br6K2Se1,True
24316,Br6K3Nd1,False
24320,Br6K3Ta1,False
24322,Br6K3Y1,False
24335,Br6Li2U1,True
24336,Br6Li3Y1,False
24339,Br6Mg1Mn2O12,False
24342,Br6Mo1Rb2,True
24345,Br6N2Re1,False
24351,Br6Na1Nd1Rb2,False
24353,Br6Na1Pr1Rb2,False
24359,Br6Na2O6Te1,False
24360,Br6Na2U1,True
24376,Br6O2Se1,False
24380,Br6O8Te1,False
24383,Br6Pb4Se1,False
24391,Br6Rb2Te1,True
24407,Br6Zn1,False
24418,Br7Fe1Te1,True
24421,Br7Ge2N3,False
24422,Br7Ge2Rb3,False
24428,Br7Ir1Te7,False
24431,Br7La8Ni4,True
24441,Br7Re3,True
24446,Br7Ta3,True
24450,Br8C12H24O6Zn3,False
24455,Br8Cl2Sr5,False
24456,Br8Fe3O16,False
24463,Br8S9Ta4,True
24468,Br9C2Dy5,True
24475,Br9Cs1Hf2,True
24479,Br9Cs3Sb2,True
24497,Br9Mo2Rb3,False
24498,Br9N1Na2O1Pr4,True
24500,Br9Nb2S4Tl5,False
24504,Br9O2Re3,False
24512,Br9Sb2,False
24515,C10Ca3H8Ni2O26S8,False
24519,C10Cl12O3S1,False
24520,C10Cl1Co3O9,False
24521,C10Cl1Ga1H30Si4,False
24529,C10Cl2H30O6S5Ti1,False
24533,C10Cl4H8N3V1,False
24542,C10Cs1,False
24545,C10Eu1,False
24549,C10Fe2O10Se1Te1W1,False
24553,C10Fe3O10Se1,False
24555,C10H12N1Ni3O6,False
24559,C10H22N6Nd2O21,False
24561,C10H25N1Si2,False
24563,C10H30Li2N4Si3,False
24564,C10H32I1N5Zr1,False
24568,C10Ho1La4,False
24572,C10I3N4,False
24577,C10N1O18Si9,False
24579,C10N2O12Ru3,False
24594,C11F9Mn2O8P1S1,False
24608,C12Cd6Cl1O26Rb1,False
24615,C12Cl2F10Te1,False
24616,C12Cl2H36Mn1N6O2P2,False
24617,C12Cl2H36Mo1P4,False
24618,C12Cl2H36P4W1,False
24632,C12F10Pb1S2,False
24635,C12F12Mn2O8P2S1,False
24636,C12F18In1K3O12,False
24639,C12F9N3V2,False
24640,C12Fe1H44N10O16,False
24649,C12H12Hg1N2O4S2,False
24651,C12H14K1O18Y1,False
24652,C12H1N8,False
24662,C12H36I3In1O6S6,False
24664,C12H36I8Sb3,False
24667,C12H36O19V6,False
24668,C12H36O3Sb2Si6,False
24669,C12H3I1O12Os4,False
24673,C12H9Mn2O9P1,False
24677,C12La21Mn8Sb7,True
24686,C12O27Pt3Rb5,False
24692,C13Co1H1O13Ru3,False
24705,C13O13Os4S1,False
24706,C13O13Os4S2,False
24715,C14Co4O14Si1,False
24717,C14Fe1Mn2O14,False
24721,C14H12Mg6N1O24,False
24722,C14H24K1Mn1N8,False
24727,C14O13Ru4,False
24729,C15Cs1,False
24731,C15Dy12Re5,False
24739,C15H2O15Os4Pt1,False
24754,C15S4,False
24763,C16F3O15P1Ru5,False
24773,C16H41O3Si2Sn2,False
24774,C16H48N2Ni1O14S8,False
24775,C16H48O2Si7Ti1,False
24776,C16H56N4Si8U1,False
24795,C18Cl2H15I1N1P1,False
24800,C18F1H54N3Si6U1,False
24804,C18H2O20Ru6S1,False
24813,C18Mn13Tm10,True
24826,C19O19Os5,False
24828,C19O19Os7S1,False
24845,C1Ca1Mg14O16,False
24846,C1Ca1Mg30O32,False
24847,C1Ca1Mg5O16P3,False
24849,C1Ca1N2,True
24851,C1Ca1O3,True
24852,C1Ca1O4,False
24862,C1Ca3H14O10S1Si1,False
24869,C1Ca4O9Tl2,False
24876,C1Cd1Cl2N3O1,False
24897,C1Ce1Mg6,False
24915,C1Ce2Fe20Si2,False
24921,C1Ce3In1,True
24925,C1Cl11H2N2P3,False
24931,C1Cl14Zr6,True
24932,C1Cl15Cs1Hf6,True
24945,C1Cl18Li1W6,False
24949,C1Cl1Co1H18N6O3,True
24952,C1Cl1F3O3S1,False
24954,C1Cl1Gd2,True
24958,C1Cl1H4N5,False
24961,C1Cl1H5N6,False
24973,C1Cl1N1O1,False
24976,C1Cl1N1Pb1S1,False
24977,C1Cl1N1S1,False
24978,C1Cl1N3,False
24979,C1Cl1N4,False
24983,C1Cl1Y1,True
24988,C1Cl2F5N1S1,False
24991,C1Cl2Gd2,False
24996,C1Cl2Hg1N2O1,False
25014,C1Cl3H10Mn1N1O2,False
25017,C1Cl3H6N1Pb1,False
25018,C1Cl3H6N3Sn1,True
25024,C1Cl3N2P1,False
25027,C1Cl3O3P1Sb1,False
25028,C1Cl3Si1,False
25050,C1Cl7Cu2N1Zn2,False
25055,C1Cl8Si3,False
25060,C1Co1Cu1O5,False
25061,C1Co1Dy1,True
25063,C1Co1F5O3Sr2,False
25076,C1Co1Li1O7P1,False
25084,C1Co1Lu1,True
25091,C1Co1Na2O7P1,True
25095,C1Co1Na3O7Si1,False
25103,C1Co2H2O7P1,False
25111,C1Co2W4,False
25112,C1Co3,False
25119,C1Co3Sn1,False
25122,C1Co3Zn1,False
25128,C1Cr1Ge1V1,False
25130,C1Cr1K2O7P1,True
25140,C1Cr1Mg6O8,False
25143,C1Cr1Na2O7P1,True
25155,C1Cr2Ho1Si2,True
25162,C1Cr2Si2Sm1,True
25165,C1Cr3,False
25166,C1Cr3Ge1,False
25173,C1Cs1F3O3S1,False
25188,C1Cs2N2,True
25194,C1Cu1H1Li1O4,False
25199,C1Cu1H8N2O5P2,False
25200,C1Cu1K2O7P1,False
25207,C1Cu1Li1O7S1,False
25213,C1Cu1Mg1O5,False
25217,C1Cu1N1S1,False
25228,C1Cu1O10Pb3Te1,False
25233,C1Cu2H2Mg2O9,False
25244,C1Dy1Li2O7P1,False
25247,C1Dy1Na2O7P1,False
25258,C1Dy2Fe15Si2,False
25261,C1Dy2Fe2Si2,True
25265,C1Dy2Re2Si2,True
25268,C1Dy3Sn1,True
25283,C1Er1Ru2Si1,True
25295,C1Er5Si3,False
25303,C1Eu2I3Li1N2,True
25306,C1F11S1Sb1,False
25312,C1F1K3O3,False
25314,C1F1La1O3,True
25317,C1F1N5O3S5,False
25320,C1F1O3Tl3,False
25326,C1F2Ho2,True
25335,C1F2O3Pb2,False
25348,C1F3K1O3S1,False
25357,C1F3Na2O3Y1,False
25358,C1F3O1Rb1,True
25364,C1F4Hf1O4Rb1,False
25371,C1F5N1S2,False
25375,C1F8H1O3S1Sb1,False
25376,C1Fe10Ga3La1,False
25383,C1Fe14La2,False
25384,C1Fe14Lu2,True
25396,C1Fe17N1Tb2,False
25407,C1Fe1K2O7P1,True
25417,C1Fe1Li2O7S1,False
25422,C1Fe1Mg30O32,False
25431,C1Fe1Na3O7Si1,True
25441,C1Fe2Lu2Si2,True
25442,C1Fe2Mo4,False
25447,C1Fe2Pr2Si2,True
25459,C1Fe2W2,False
25466,C1Fe3Zr3,False
25468,C1Fe5Si1,False
25469,C1Fe6Ga2,False
25473,C1Ga1Gd3,False
25475,C1Ga1K2O7P1,False
25480,C1Ga1Mo2,False
25483,C1Ga1N5Sr4,False
25492,C1Ga1Tb3,True
25494,C1Ga1V2,True
25499,C1Gd1H2Na1O7P2,False
25508,C1Gd3I3,True
25510,C1Gd3Tl1,True
25511,C1Gd6Mg23,False
25512,C1Ge1,False
25526,C1Ge3Ho5,True
25528,C1Ge3Mo5,False
25533,C1Ge9Nd15,True
25535,C1H10Mg1O8,False
25538,C1H11N2O4P1,False
25539,C1H12Na3O11P1,False
25541,C1H1Hf2,True
25543,C1H1K1N2,False
25545,C1H1K1N4O5,False
25551,C1H1N1O1Pb1S1,False
25552,C1H1N2Na1,False
25570,C1H2N2,False
25573,C1H2Na1O7P2Tb1,False
25582,C1H2O7P1Zn2,False
25596,C1H3N2S1,False
25598,C1H3N4Na1O1,False
25601,C1H3O3P1Pb1,False
25603,C1H3O5Ti1,False
25624,C1H4Na4O9P2,False
25625,C1H5Ho1O7P1,False
25630,C1H5N1O3,True
25642,C1H6I3N1Sn1,False
25644,C1H6Mg1O6,False
25645,C1H6N1Na1O3S1,False
25646,C1H6N1O3P1,False
25652,C1H6N2S2,False
25655,C1H6N4O3,False
25659,C1H6O10P2U1,False
25660,C1H7N2O5P1,False
25671,C1H9N9,False
25673,C1Hf1K1O7P1,False
25686,C1Hf2S1,True
25696,C1Ho1Li2O7P1,False
25698,C1Ho1Na2O7P1,False
25705,C1Ho1Ru3,True
25709,C1Ho2Re2Si2,True
25728,C1I3N1Sn1,False
25735,C1In1La3,True
25742,C1In1Sc2,False
25754,C1K1,False
25763,C1K1N1,False
25765,C1K1N1S1,False
25767,C1K1N2,False
25772,C1K1O2,False
25781,C1K1O7P1W1,False
25785,C1K2Lu1O7P1,False
25786,C1K2Mn1O7P1,True
25789,C1K2N2,True
25797,C1K2O7P1Sm1,False
25807,C1K3Mo4N1O16S1,False
25830,C1La1Rh3,False
25836,C1La2Re2Si2,True
25848,C1Li1Mn1Na2O7P1,False
25849,C1Li1Mn1O4,False
25859,C1Li1O4V1,False
25863,C1Li1O7P1Sn1,False
25878,C1Li2Mn1O7S1,False
25897,C1Li2O7Si1Sn1,False
25901,C1Li3Mn1O7P1,False
25903,C1Li3Ni1O7P1,False
25913,C1Lu1Rh3,True
25917,C1Lu3Sn1,True
25919,C1Lu5Si3,False
25921,C1Mg14Mn1O16,False
25923,C1Mg14O16Rb1,False
25931,C1Mg1O3,True
25934,C1Mg23Pr6,False
25937,C1Mg3,False
25943,C1Mg30O32Si1,False
25948,C1Mg30O32Y1,False
25972,C1Mn1O7S1,False
25980,C1Mn2Si1Y1,True
25986,C1Mn5Si1,False
25995,C1Mo3O12P1Tl2,False
26008,C1N1O1,False
26010,C1N1O1Rb1,True
26012,C1N1O2,False
26030,C1N1U1Zr1,False
26031,C1N1U2,False
26042,C1N2O2Pr2,True
26052,C1N2S1,False
26060,C1N3S1,False
26062,C1N3Ti4,False
26063,C1N3Zr4,False
26067,C1N4Si2,True
26071,C1N6Si4Tb2,True
26072,C1N6Si4Y2,True
26077,C1Na1O2,False
26079,C1Na1O7P1Pr1,False
26082,C1Na1O7P1Sn1,False
26083,C1Na1O7P1Ti1,False
26089,C1Na1O7Si1V1,False
26104,C1Na2O7P1Tl1,True
26110,C1Na2O7Sb1Si1,False
26128,C1Nb1Ru3,False
26135,C1Nb3Ni3,False
26137,C1Nb4Rh2,False
26141,C1Nd1Os2Si1,True
26145,C1Nd2Re2Si2,True
26165,C1O2Tl1,False
26173,C1O3Tl2,True
26180,C1O4Tb1,False
26181,C1O4Tm1,False
26184,C1O5Tl4,False
26192,C1O7Si1Y2,True
26197,C1Os2P1Tb1,False
26219,C1Pb1Y3,True
26221,C1Pb1Zr2,True
26226,C1Pr1Rh3,False
26233,C1Pu1,False
26237,C1Rb4,False
26248,C1Re2Si2Y2,True
26249,C1Re2W3,False
26254,C1Rh3Tb1,True
26255,C1Rh3Tm1,True
26262,C1Ru2Si1Tm1,True
26274,C1S1Zr2,True
26280,C1S5,False
26283,C1Sc2,True
26289,C1Si12Y20,True
26295,C1Si3Yb5,False
26296,C1Sm2,True
26312,C1Ti2,True
26317,C1Tl1Y3,True
26318,C1Tl1Zr2,True
26321,C1U3,False
26323,C1V2,True
26327,C1Y1,False
26334,C20Cl18O1,False
26337,C20Cr4H67N16O16,False
26349,C22H20Mn1N10O6,False
26355,C23O23Os10S2,False
26360,C25H62K1O6Si7,False
26362,C28Cl5,False
26365,C2Ca1Cd1O6,True
26369,C2Ca1H2O4,False
26372,C2Ca1H6N4O4,False
26373,C2Ca1H6O7,False
26374,C2Ca1H8O6P2,False
26376,C2Ca1Mg1O6,True
26384,C2Ca1O6Sr1,False
26395,C2Cd1Cl4H12N6S2,False
26397,C2Cd1H1N4O4,False
26399,C2Cd1H2O4,False
26405,C2Cd1N2,False
26406,C2Cd1N2S2,False
26410,C2Cd1O4,False
26420,C2Ce2Mn17,True
26421,C2Ce2Na2O12Si1Ti1,False
26428,C2Cl11H1N1Sb1,False
26438,C2Cl1H8N1,False
26443,C2Cl1La1O7,False
26447,C2Cl1N2Ni1Rb1,False
26456,C2Cl2H4Hg1N4,False
26462,C2Cl2Hg3N4,False
26463,C2Cl2K2O5Pt1,False
26464,C2Cl2N4Pb1S2,False
26467,C2Cl2N6O2Zn1,False
26470,C2Cl3Cu1H4N1O1,False
26481,C2Cl4Cu1H10N2,False
26490,C2Cl4N1Re1,False
26497,C2Cl5Pr4,True
26506,C2Co1Dy1,True
26529,C2Co1Lu1,True
26543,C2Co1Yb1,True
26545,C2Co2Li1O7,False
26548,C2Co3Cr3Ta6,False
26555,C2Cr1H12N6O4,False
26567,C2Cr2Fe15Sm2,False
26572,C2Cr3Cu3Ta6,False
26575,C2Cr3Ru3,False
26576,C2Cs1Cu1,False
26580,C2Cs1H1O4,False
26585,C2Cs1Na1,False
26591,C2Cs2H8Mg1O10,True
26593,C2Cs2N4O8S2U1,False
26595,C2Cs2Pt1,True
26597,C2Cu1F6O6S2,False
26600,C2Cu1H10O8,False
26608,C2Cu1H7N1O6P2,False
26610,C2Cu1K1N2,False
26611,C2Cu1K2O6,True
26624,C2Cu2H13N1O11S2,False
26625,C2Cu2Li1O6,False
26626,C2Cu2Li1O7,False
26629,C2Cu2O13P1S1,False
26635,C2Dy1Fe1,True
26638,C2Dy1K1O6,True
26646,C2Dy5I9,True
26660,C2Er7I12N1,True
26666,C2F16Hg1N2Te2,False
26668,C2F1H10N2O8P1V2,False
26676,C2F1Lu1Na2O6,True
26678,C2F1Na2O6Yb1,False
26680,C2F2Fe3H12N2O13P3,False
26685,C2F2O8Pd1S2,False
26714,C2F6Li1N1O5S2,False
26721,C2F6O6S2Te3,False
26723,C2F6O7S2Se1,False
26729,C2Fe14Ga3Nd2,False
26749,C2Fe1Li1O6,True
26755,C2Fe1Mg1O6,False
26760,C2Fe1Pu1,False
26768,C2Fe2Li2O7,False
26773,C2Fe2Li5O14P2,False
26774,C2Fe2Na5O14P2,False
26775,C2Fe2O7,False
26779,C2Ga1H20N1O14S2,False
26780,C2Ga1H6I3Se1,False
26781,C2Ga3H6N1O13P3,False
26782,C2Gd1,False
26785,C2Gd1H7O8S1,False
26789,C2Gd1O6,False
26790,C2Gd1Ru1,True
26793,C2Ge1Ti3,True
26795,C2H10Mn4O16Zn3,False
26802,C2H10N8O6Pd1S2,False
26813,C2H12N6Ni1S2,False
26819,C2H13Li1N4,False
26822,C2H14N6O6P2Zn1,False
26823,C2H16Ho1N1O12S2,False
26834,C2H1O2,False
26836,C2H1O4Rb1,False
26838,C2H1O5Sb1,False
26844,C2H2K2Mo1O8,False
26853,C2H2N3Na1O1,False
26859,C2H2O6Y1,True
26865,C2H3N3Na1O4P1,False
26868,C2H3O4Rb1,False
26871,C2H4Mn1O6,False
26879,C2H4O16P4Th1U1,False
26880,C2H4O6Pb1,False
26883,C2H5I1N6Pb1S1,False
26894,C2H5Na3O8,False
26903,C2H6N1O1,False
26914,C2H6N4O4Zn1,False
26920,C2H6O7Pb1S2,False
26928,C2H7N4O5P1Zn1,False
26935,C2H8K2Mg1O10,True
26938,C2H8Li2Ni1O10,False
26943,C2H8N1O2P1,False
26944,C2H8N1O2P1S1,False
26951,C2H8N2O6S3,False
26960,C2H9N11O8,False
26971,C2Hf1Ti1,False
26974,C2Hf1Zr1,False
26978,C2Hg1N2S2,False
26979,C2Hg1N2Se2,False
26980,C2Hg1O4,False
26982,C2Ho1,False
26992,C2I12Pr6Rb1,True
26998,C2I2O2Re1,False
27000,C2I3N2Rb1,False
27006,C2K1Lu1O6,True
27007,C2K1Mg1O10,False
27010,C2K1Np1O6,False
27021,C2K2Ni1O10,False
27033,C2La1Rh1,False
27034,C2La2Mn17,False
27038,C2Li1Mn2Na5O14P2,False
27039,C2Li1Mn2O8,False
27041,C2Li1N2,False
27043,C2Li1Na5Ni2O14P2,False
27044,C2Li1Ni1O6,False
27049,C2Li1O8V2,False
27055,C2Li2O6V1,False
27058,C2Li3Mn2O14P2,False
27075,C2Mg1O8P1,False
27076,C2Mg3O7,False
27080,C2Mn17Th2,True
27088,C2Mo1N1Na1O9,False
27090,C2Mo1Nd2,True
27091,C2Mo1O8Rb2,False
27093,C2Mo1Pu1,True
27104,C2N1,False
27105,C2N1Na1O3,False
27107,C2N2Ni1S2,False
27120,C2N2S9,False
27125,C2N3Na1,True
27128,C2N3Sr2,False
27135,C2N8O4Zn1,True
27139,C2Na1O6Sm1,True
27143,C2Na3Ni2O14P2,False
27147,C2Na5Ni2O14P2,False
27151,C2Nb1V1,False
27159,C2Nd2W1,True
27165,C2Ni1Th2,True
27173,C2O2Rb1,False
27176,C2O4Pb1,False
27177,C2O4Sn1,False
27179,C2O4Zn1,False
27182,C2O6Pb1,False
27185,C2O6Y1,False
27194,C2Pa1,False
27205,C2Re1,False
27210,C2Re1Y2,True
27212,C2Rh1Sm1,False
27220,C2Si2U3,True
27223,C2Sr1,False
27230,C2Ta3,False
27237,C2Ti1W1,False
27240,C2Tm1,False
27250,C2Y1,False
27264,C3Ca2O23Si4Y2,False
27267,C3Cd1Cl3H10N1,False
27269,C3Cd1Cl3N1,False
27270,C3Cd1H3Na1O6,False
27272,C3Cd1K1N3O3,False
27275,C3Cd1N3Rb1S3,False
27276,C3Ce1H12O17Rb4,False
27281,C3Ce2,True
27289,C3Cl1Cu1H4O2,False
27290,C3Cl1F3O2S2,False
27291,C3Cl1F4H2N1O1,False
27295,C3Cl1H10N1O4,False
27311,C3Cl3Cu1H14N1O2,False
27313,C3Cl3Ga1H9O1P1,True
27322,C3Cl3N6Rh1,False
27326,C3Cl5H10Hg2N1,False
27327,C3Cl5H14N1,False
27340,C3Co18Si4Sm2,False
27347,C3Co1H7N1O6,False
27351,C3Co1O3Sb1,False
27357,C3Co4Na1O15,False
27360,C3Cr1K3N3O4,False
27385,C3Cu1H12N6O7S1,False
27389,C3Cu1N2O5,False
27392,C3Cu2Li1O9,False
27397,C3Dy2Mo2,True
27398,C3Dy2Ni22,False
27399,C3Er1O8,False
27402,C3Er2Mn17,False
27403,C3Er2Mo2,True
27404,C3Er4Fe34,False
27406,C3Eu4I3Li1N6,True
27416,C3F2I1,False
27418,C3F2N1O4Pb1S2,False
27419,C3F2O1,False
27424,C3F4Gd2K4O9,True
27428,C3F5,False
27436,C3F7H16N1,False
27439,C3F9H18Ho1O18S3,False
27442,C3F9H18Nd1O18S3,False
27458,C3Fe17Y2,True
27471,C3Fe34Gd4,False
27477,C3Fe7,False
27484,C3H1,False
27488,C3H10Mn1N1O9P3,False
27489,C3H10N1O9P3Sr1,False
27491,C3H12Li2N6O7S1,False
27499,C3H13La1O11S3,False
27503,C3H16N8O7Zn1,False
27512,C3H22N6O8Rh1,False
27530,C3H3O7Sr1,False
27539,C3H6O9Pr1,True
27541,C3H7N1O6Zn1,False
27543,C3H7O8Yb1,False
27551,C3H9Hg1I3S1,False
27567,C3Hg2I5N1,False
27580,C3In2N6,True
27586,C3K3Na1O11U1,True
27594,C3La2Ni5,True
27596,C3Li2Mn2O9,False
27597,C3Li2N6O7S1,False
27613,C3Mn2O9,False
27616,C3Mo2Nb2,False
27624,C3N1,False
27628,C3N1Zr4,True
27634,C3N4O11U1,False
27645,C3Na3O9Y1,True
27647,C3Nb4,False
27650,C3Nb8Zn4,False
27656,C3Ni10W3,False
27661,C3Np2,False
27665,C3O12Pb5,False
27668,C3O2S3,False
27688,C3Sc2,False
27689,C3Sc4,True
27696,C3Tb2,False
27697,C3Th1Y1,False
27698,C3Th2,True
27704,C3V1W2,False
27709,C4Ca1,False
27710,C4Ca1Cl2H16N8O4,False
27711,C4Ca1Cu1H4O8,False
27715,C4Ca1Hg1N4O3S4,False
27721,C4Cd1Cl4H16N2,False
27733,C4Cd1N10O6S4,False
27740,C4Cd3Mg1O12,False
27742,C4Ce1La1,False
27757,C4Cl2F12N3P2V1,False
27758,C4Cl2F6Te1,False
27759,C4Cl2Fe1H16N8S4,False
27761,C4Cl2Fe2O9,False
27762,C4Cl2H10N6O4Zn1,False
27774,C4Cl2Ir1K3O9,False
27775,C4Cl2K1O24Ru2Zn2,False
27777,C4Cl2K2N4Pt1,False
27788,C4Cl3Cu2N1,False
27792,C4Cl3H16La1O4,False
27794,C4Cl3N1,False
27795,C4Cl3O2S2Sb1,False
27800,C4Cl4Fe1H12N1,False
27804,C4Cl4H12O2S2Tc1,False
27807,C4Cl4H16Mn1N2,False
27808,C4Cl4H18Mn1N8O4,False
27809,C4Cl4H4Hg1N2,False
27811,C4Cl4N2Si2Ti1,False
27822,C4Cl6H8Mo3N2O7S1,False
27830,C4Cl9H12N1Nb3,False
27838,C4Co1H12N4O12Pd1,False
27841,C4Co1H20N4O12Pt1,False
27854,C4Co1Li12Ni3O28P4,False
27856,C4Co1Li1O4,False
27866,C4Co2Li3O12,False
27871,C4Co2Na4O16S1,False
27875,C4Co3Cr1Li12O28P4,False
27879,C4Co3W10,False
27884,C4Cr1H4K1O10,False
27885,C4Cr1H4N1O10,False
27890,C4Cr1K1O8,False
27899,C4Cr2Na5O16P1,False
27901,C4Cr2Na6O16S1,False
27906,C4Cr3Li12O28P4V1,False
27909,C4Cr4U1,True
27918,C4Cs2I2N4Pt1,False
27935,C4Cu1H8O5,False
27964,C4Eu8I9N7,True
27966,C4F12H17O20S4V1,False
27972,C4F12O4Sb2Te3W1,False
27977,C4F22O4Pd1Sb4,False
27981,C4F2H13N1,False
27983,C4F30H12N1O6Sb1Te6,False
27987,C4F3H48N1Na5O27P3,False
28005,C4F6O5,False
28006,C4F8Te1,False
28007,C4F9H12K2Mo2N1O3,False
28011,C4Fe11V1,False
28014,C4Fe1K2O4,False
28016,C4Fe1Li12Ni3O28P4,False
28018,C4Fe1Li5O12,False
28032,C4Fe2Na4O16P1,False
28033,C4Fe2Na4O16S1,False
28034,C4Fe2Na6O16P1,False
28035,C4Fe2Na6O16S1,True
28037,C4Fe3Li12Mn1O28P4,False
28038,C4Fe3Li12Ni1O28P4,False
28042,C4Ga1Ge5H6N1O12,False
28043,C4Ga1H13N2,False
28045,C4Ga2H16N2S7Sb2,False
28054,C4H10N4O6Zn1,False
28065,C4H12Mn1N18O4,False
28066,C4H12Mn1O8P2,False
28067,C4H12Mo2N2O15,False
28076,C4H12N4Ni1O6,False
28079,C4H12Na3O18Ru2,False
28080,C4H12O3P2,False
28095,C4H16N18O7Zn2,False
28106,C4H18N8Ni1O4S6,False
28114,C4H20Mg1N8O12P2,False
28116,C4H20N8O15S2Th1,False
28117,C4H24I3N8Nd1O8,False
28118,C4H24N12O15Se5Zn3,False
28128,C4H4K1O10Sc1,False
28131,C4H4K2N1O10S1U1,False
28139,C4H4Na5O14Yb1,True
28149,C4H6K2N4O3Pt1,False
28150,C4H6K3O13V1,False
28161,C4H7O8V1,False
28164,C4H8In1K1O12,False
28165,C4H8In1N1O10,False
28175,C4H9N1O6Zn1,False
28178,C4Hf1Nb2V1,False
28179,C4Hf1Ta2U1,False
28183,C4Hg1Mn1N4S4,False
28185,C4Hg1N4Rb2,False
28189,C4Ho4Ni13,True
28193,C4I1O4Re1,False
28207,C4K1La1O11,False
28209,C4K1N3,False
28217,C4K2N4Pd1S4,False
28225,C4K3N4O2Re1,False
28234,C4Li12Mn1Ni3O28P4,False
28244,C4Li3Mn1O12,False
28246,C4Li3Ni2O12,False
28255,C4Li5Mn1O12,False
28261,C4Li6O16S1V2,False
28271,C4Mn1Tm2,False
28275,C4Mn2Na5O16P1,False
28283,C4N1O12P3Zn1,False
28286,C4N1O7V3,False
28288,C4N1O9Y1,False
28295,C4N3Nb1O13,False
28300,C4N4Pt1Zn1,False
28301,C4N4S4Si1,False
28323,C4Na5O14Sc1,False
28327,C4Na6Ni2O16S1,True
28329,C4Na6O16P1Sn2,False
28331,C4Na6O16S1Sn2,False
28332,C4Na6O16S1V2,True
28334,C4Nb2V1Zr1,False
28346,C4O12Rb1Y1,False
28364,C4Th5,False
28370,C4Yb3,False
28372,C55Ga4H138S4Si12,False
28373,C5Ca1N10O13Re2,False
28382,C5Cl1H14N3O2S1,False
28390,C5Cl4,False
28399,C5Cr1O7S1,False
28400,C5Cr1Ti4,False
28407,C5Dy4,True
28413,C5F4H16N2O3Zr1,False
28415,C5F6,False
28429,C5Gd1H9N2O8,False
28432,C5H14N2O2,False
28442,C5H24Na6O27U1,False
28448,C5H4N6Na2O3Ru1,False
28458,C5H9N2O8Sm1,False
28465,C5I1Mn1O5,False
28476,C5Mo1O5P4S3,False
28477,C5Mo1Zr4,False
28485,C5Ni2Yb4,False
28493,C5Ta4W1,False
28502,C60H36N12Ni1,False
28506,C64Na1,False
28509,C6Ca1Co1K1O10S6,False
28511,C6Ca1H8N2O8S2,False
28516,C6Ca3Fe2Mg1O18,False
28518,C6Cd1Cr1K1N6O1,False
28521,C6Cd1H26N12O9Re2S6,False
28523,C6Cd1N12O14Re2,False
28544,C6Cl2Fe2H13N1O11,False
28545,C6Cl2H16Hg1N4,False
28554,C6Cl3F6H6Ho1O9,False
28556,C6Cl3H18Ir1O3S3,False
28559,C6Cl3Hg1N12,False
28566,C6Cl4H22N2Sn1,False
28591,C6Co1H3N6,False
28592,C6Co1H9O3S6,False
28598,C6Co1N6Pr1,False
28612,C6Cr1H9O3S6,False
28613,C6Cr1K3N6,False
28619,C6Cr20W3,False
28622,C6Cr21W2,True
28623,C6Cr22Mo1,False
28624,C6Cr22W1,False
28627,C6Cr3Li4O18,False
28633,C6Cs2Fe1K1N6,False
28638,C6Cs2Fe1N6Ni1,False
28661,C6Dy11Ni60,False
28666,C6Er1Fe1N6O4,False
28675,C6F18H10N3O17S6Tb1,False
28677,C6F22O6Os1Sb4,False
28680,C6F2H16N6O7V1,False
28682,C6F5H21N2O1Si1,False
28684,C6F6H24N2O2Sn1,False
28699,C6Fe1K1N3O3,False
28706,C6Fe1Mn2N6,False
28707,C6Fe1N6Na1Rb2,False
28709,C6Fe1N6Ni2,False
28710,C6Fe1N6O4Yb1,False
28712,C6Fe1N6Pt1,False
28735,C6H16N6O10Zn1,False
28745,C6H19N7O4,False
28749,C6H24I3N12O6Ti1,False
28755,C6H30Mn1N6Se5,False
28756,C6H4Hg1K2N6O2Pt1,False
28761,C6H4O8Sm1,False
28778,C6La1N9,True
28787,C6Mn1N6Pt1,False
28789,C6Mn20Mo3,False
28798,C6N2O17Sn2,False
28801,C6N6O8Pb3,False
28804,C6N9Pr1,True
28805,C6N9Sm1,False
28806,C6Na2O21Sr3Zr1,False
28816,C6O6W1,False
28826,C7Cl3N1Si1Ti1,False
28832,C7Co3O7S2,False
28833,C7Co6W20,False
28834,C7Cr1F2H1N1O5,False
28845,C7H18N8O12U1,False
28853,C7Ho4,True
28857,C7K5Mo1N7O1,False
28861,C7N12O12Ti1,False
28867,C7Y4,True
28870,C8Cd1H16K2O24Zr1,False
28871,C8Cd1H8O22Sr1Zr1,False
28877,C8Ce1Nd3,False
28880,C8Cl12Cr3N6,False
28881,C8Cl1Co1H24N1O4P2S4,False
28882,C8Cl1Cu1N4S4,False
28895,C8Cl4Fe1H24N2,False
28922,C8Co1H24N2O32V12,False
28923,C8Co1H32N2O10S4,False
28929,C8Cr3H24N2O10,False
28930,C8Cr4Li9O32S2,False
28936,C8Cu3H10O14,False
28942,C8F12Fe1O8Sb2Se2W1,False
28944,C8F12Pt1S4,False
28945,C8F18H10Li2O7,False
28948,C8F5H2K1N2O5V2,False
28954,C8Fe1Ge4H24N2S10,False
28955,C8Fe1H24N2Se10Sn4,False
28958,C8Fe2O10S1,False
28959,C8Ga1H19,False
28960,C8Ge2H24In1P1,False
28963,C8H12N1O6Rh1,False
28969,C8H24In1P1Si2,False
28970,C8H24Mg3O24Zn1,False
28975,C8H24N2O42S7U6,False
28981,C8H25Mo2Na1O10,False
28994,C8H6I3N1O5,False
28995,C8H6K4O21Tc2,False
28997,C8H8K5O16Y1,False
28998,C8H8O20Th1U1,False
29004,C8Ir3O8,False
29005,C8K1,True
29026,C9Cd1H27I2P1Si3,False
29028,C9Cl1Cu1H27N1Sn3,False
29033,C9Cl2H27N2P1Si3,False
29034,C9Cl2H27P2Ta1,False
29035,C9Cl3H24N6O3Y1,False
29043,C9Cu1H18O2Si2,False
29050,C9Fe3O9S1Se1,False
29059,C9H21N1O7Os1,False
29065,C9H28I1N1Sn3,False
29069,C9In1O9Re2,False
29070,C9La7Os4,True
29079,Ca10Cl2O24S3Si3,False
29098,Ca10O25P6,False
29100,Ca10Pt7Si3,True
29108,Ca11Mn2N10,False
29113,Ca11Sb10,True
29118,Ca12Li6N16O3Re4,True
29125,Ca14La6Mg3O60Ti17,False
29132,Ca16N34Si17,False
29136,Ca17Na2O56P14V2,True
29138,Ca17S38Y14,False
29153,Ca1Cd1Mg1,False
29166,Ca1Cd1Sn1,True
29169,Ca1Cd2Ce1,False
29173,Ca1Cd2Ho1,True
29183,Ca1Cd2Tm1,False
29191,Ca1Ce1In2,True
29192,Ca1Ce1Li6O6,False
29193,Ca1Ce1Mg14,False
29195,Ca1Ce1Mg6,False
29196,Ca1Ce1Mn1O4,False
29201,Ca1Ce1Rh2,False
29204,Ca1Ce2Te4,False
29210,Ca1Cl18N1W6,False
29222,Ca1Cl2H12O6,False
29228,Ca1Cl2O2,False
29230,Ca1Cl2O6,True
29235,Ca1Cl3Rb1,True
29239,Ca1Cl4F4Sr3,False
29240,Ca1Cl5O7Tl1,False
29245,Ca1Co1Cr1La1O6,False
29258,Ca1Co1La2O6,False
29266,Ca1Co1Ni1O9P2,False
29271,Ca1Co1O3,False
29272,Ca1Co1O4Pr1,False
29276,Ca1Co1O7P2,False
29283,Ca1Co1O8P2Sr1,False
29286,Ca1Co2Fe6O20Sr7,False
29290,Ca1Co2La1O6,False
29294,Ca1Co2O12Si4,False
29296,Ca1Co2O14V4,False
29303,Ca1Co2O6Sr1,False
29311,Ca1Co3Fe5O20Sr7,False
29322,Ca1Co4O6,False
29326,Ca1Co5O7,False
29327,Ca1Cr1Cu1La1O6,False
29328,Ca1Cr1F4,True
29329,Ca1Cr1F5,True
29333,Ca1Cr1Fe1La1O6,False
29355,Ca1Cr1O4,True
29362,Ca1Cr2Cu2O8,False
29365,Ca1Cr2F12,True
29382,Ca1Cr2O7,False
29384,Ca1Cr2O9P2,True
29386,Ca1Cr3Mg1Na3O24Si8,False
29403,Ca1Cs1O3,False
29408,Ca1Cs2O2,False
29417,Ca1Cu1F4,True
29437,Ca1Cu1O3,False
29438,Ca1Cu1O3Sr1,False
29441,Ca1Cu1O7Sb2,False
29444,Ca1Cu1O7W2,False
29445,Ca1Cu1O8P2Sr1,False
29460,Ca1Cu2O14V4,False
29469,Ca1Cu2O8Sb2,False
29473,Ca1Cu2O8Ti2,False
29476,Ca1Cu2P2,False
29477,Ca1Cu2Si2,True
29478,Ca1Cu2Sn2,True
29482,Ca1Cu3Ga2O12Ru2,False
29490,Ca1Cu3Mn4O12,False
29491,Ca1Cu3Mo4O12,False
29496,Ca1Cu3O12Sn4,False
29501,Ca1Cu3O14P4,False
29514,Ca1Cu6Hg2O20Sr6Ti1Y2,False
29526,Ca1Dy2Te4,False
29529,Ca1Er2Ge4O12,False
29534,Ca1Eu1Hg2,False
29544,Ca1Eu2O3,False
29547,Ca1Eu2Yb1,False
29551,Ca1F10Fe2,True
29557,Ca1F1H4O5P1,False
29568,Ca1F2Na4O16Si4Ti1Zr2,True
29572,Ca1F3Li1,False
29575,Ca1F4Fe1,False
29579,Ca1F4Pd1,True
29591,Ca1F5Ti1,False
29593,Ca1F5W1,False
29594,Ca1F6Fe1,False
29597,Ca1F6H4Ir1O2,False
29605,Ca1F6Pt1,True
29628,Ca1Fe1La1Ni1O6,True
29629,Ca1Fe1La1O4,False
29634,Ca1Fe1La1O6V1,True
29650,Ca1Fe1Ni1O9P2,False
29666,Ca1Fe2H1O12P3,False
29668,Ca1Fe2La1O6,True
29673,Ca1Fe2Na2O12P3,False
29675,Ca1Fe2O12P3,False
29696,Ca1Fe3O13P3,True
29701,Ca1Fe4Mn4O20Sr7,False
29705,Ca1Fe4O10Sr3,False
29707,Ca1Fe4O12Sr3,False
29708,Ca1Fe4O6,False
29713,Ca1Fe5Mn3O20Sr7,False
29719,Ca1Fe6Mg3Na1O36P9,False
29720,Ca1Fe6Mn2O20Sr7,False
29724,Ca1Ga1,True
29731,Ca1Ga1La1O4,True
29739,Ca1Ga1Sn1,False
29740,Ca1Ga2,True
29760,Ca1Gd1Pd2,False
29767,Ca1Gd4O7,False
29772,Ca1Ge1Mg1,True
29777,Ca1Ge1Ni1,True
29782,Ca1Ge1Pt1,True
29784,Ca1Ge1Zn1,True
29785,Ca1Ge2,True
29786,Ca1Ge2Ir2,True
29787,Ca1Ge2Li1,True
29788,Ca1Ge2Mn1O6,True
29795,Ca1Ge2O6Sn1,False
29796,Ca1Ge2O6Ti1,False
29798,Ca1Ge2O6W1,False
29800,Ca1Ge2Pd2,True
29803,Ca1Ge2Rh2,True
29813,Ca1Ge4O12Tm2,True
29818,Ca1H10O8Zn2,False
29822,Ca1H12O11Si4V1,False
29824,Ca1H12O17Si2U2,False
29828,Ca1H16N3O12P3,False
29830,Ca1H18Na1O12P1S1,False
29836,Ca1H1Mn1O5Si1,False
29841,Ca1H1O12P3V2,False
29854,Ca1H2O6P1,False
29858,Ca1H2Pd1,False
29862,Ca1H3N1O5,True
29869,Ca1H4Mg1Ni1,True
29874,Ca1H4O4P2,False
29876,Ca1H4O6S1,False
29877,Ca1H4O6Se1,True
29884,Ca1H5O8P2Zn1,False
29890,Ca1H6O15Si4V1,False
29896,Ca1H8Li1O13P3,False
29899,Ca1H8O14P2V2,False
29902,Ca1Hf1Mg14O16,False
29907,Ca1Hf1S3,False
29916,Ca1Hg1O3,False
29921,Ca1Hg2In1,True
29928,Ca1Hg2Pb1,False
29930,Ca1Hg2Pm1,True
29951,Ca1Ho1Rh2,False
29956,Ca1Ho3,False
29972,Ca1I6Th1,False
29973,Ca1I6U1,False
29974,Ca1I8La2,False
29975,Ca1I8Sr3,False
29978,Ca1In1O3,False
29980,Ca1In1Pd2,False
29989,Ca1In2O12P3,False
29999,Ca1In2Tm1,False
30005,Ca1Ir1Mn1O6,False
30014,Ca1Ir2P2,True
30020,Ca1K1O5P1,False
30031,Ca1K4O14Si4U1,True
30034,Ca1La1,False
30038,Ca1La1Mn1Nb1O6,True
30040,Ca1La1Mn1O6Sn1,False
30050,Ca1La2Mo1O6,False
30057,Ca1La2S4,False
30059,Ca1La3Mn4O10,False
30060,Ca1La3Mn4O12,True
30064,Ca1La8Se12,False
30079,Ca1Li2N2,False
30085,Ca1Li2Si1,True
30097,Ca1Lu2S4,True
30102,Ca1Mg14Nb1O16,False
30110,Ca1Mg14O16Zn1,False
30117,Ca1Mg1O5V1,False
30122,Ca1Mg1Pb1,True
30127,Ca1Mg1Tl2,True
30128,Ca1Mg1Zn1,False
30130,Ca1Mg2N2,True
30132,Ca1Mg2O12S3,True
30134,Ca1Mg2Sb2,True
30136,Ca1Mg3,False
30144,Ca1Mg30O32V1,False
30146,Ca1Mg30O32Zn1,False
30163,Ca1Mn1O10Sr3Ti3,False
30177,Ca1Mn1O6Sr1Ti1,False
30178,Ca1Mn1O6Ti2,False
30181,Ca1Mn1O7Si2,False
30182,Ca1Mn1O8P2Sr1,False
30185,Ca1Mn1Se2,False
30191,Ca1Mn2Nd2O12Ti2,False
30202,Ca1Mn2O6S2Sr4,False
30206,Ca1Mn2O6Tm1,False
30227,Ca1Mn3O7,False
30234,Ca1Mn4O15Si5,True
30236,Ca1Mn4O8,False
30239,Ca1Mn5Nd1O15Sr3,False
30242,Ca1Mn5O7,False
30244,Ca1Mn7O12,False
30250,Ca1Mo1O3,True
30264,Ca1Mo6S8,False
30265,Ca1N1,False
30266,Ca1N1Na1O10P2,False
30268,Ca1N1Ni1,True
30272,Ca1N2,True
30276,Ca1N2O6,True
30279,Ca1N2Sn1,True
30282,Ca1N2Ti2,False
30286,Ca1N2Zr1,True
30295,Ca1Na1O4P1,True
30303,Ca1Na1Sb1,False
30304,Ca1Na1Tl2,False
30305,Ca1Na2O11P2,False
30310,Ca1Na2O7P2,True
30315,Ca1Na2Sr1,False
30317,Ca1Na3O24Sc3Si8Zn1,False
30318,Ca1Na4O15Ta4Ti1,False
30321,Ca1Na4Sn6,False
30338,Ca1Nd2S4,False
30343,Ca1Ni1O10Si4,False
30346,Ca1Ni1O3,False
30349,Ca1Ni1O6W1,False
30358,Ca1Ni2,True
30362,Ca1Ni2O14P4,False
30368,Ca1Ni2O9P2,False
30371,Ca1Ni2S5,False
30375,Ca1Ni3O14P4,True
30377,Ca1Ni4O6,False
30383,Ca1Ni8Sn4Sr1,False
30389,Ca1O10P2Sn2,False
30401,Ca1O10Si4W1,False
30405,Ca1O11Si3Sn1,False
30408,Ca1O12P4Sn1,False
30417,Ca1O12Ti4Y3,False
30419,Ca1O13P3Sn3,False
30422,Ca1O13P3W3,False
30423,Ca1O14P4Sn3,False
30428,Ca1O14Si4V1,False
30436,Ca1O17U4,False
30446,Ca1O24P6Zr4,True
30451,Ca1O2Sn1,False
30455,Ca1O2W1,False
30456,Ca1O2Zn1,False
30457,Ca1O38Si18,False
30459,Ca1O3Pb1,False
30467,Ca1O3Se1,True
30481,Ca1O4P2U2,False
30487,Ca1O4S1,True
30500,Ca1O4Tm2,False
30506,Ca1O4Yb2,False
30509,Ca1O5Se2,True
30510,Ca1O5Si1Sn1,False
30517,Ca1O5Te2,True
30518,Ca1O5Ti2,False
30532,Ca1O6Re3Se4,False
30546,Ca1O6Sr1V2,False
30550,Ca1O6Ta2,True
30551,Ca1O6Ti2,False
30577,Ca1O7W3,False
30584,Ca1O8P2Th1,True
30597,Ca1O8Th1V2,True
30613,Ca1O9Sn4,False
30619,Ca1Os3,False
30620,Ca1Os4Sb12,False
30623,Ca1P1S3,True
30625,Ca1P2Pd2,True
30627,Ca1P2Ru2,True
30628,Ca1P2Si1,False
30634,Ca1Pb1Sr1,True
30636,Ca1Pb2Yb1,False
30650,Ca1Pd2Si2,True
30651,Ca1Pd2Sm1,False
30652,Ca1Pd2Tb1,False
30656,Ca1Pd2Yb1,False
30657,Ca1Pd5,True
30659,Ca1Pm1Rh2,True
30661,Ca1Pm3,False
30669,Ca1Pt1Si1,True
30672,Ca1Pt2,True
30676,Ca1Pu1Rh2,False
30678,Ca1Rb3,False
30684,Ca1Rh2Sn1,True
30689,Ca1Rh2Zr1,False
30691,Ca1S11Sn5,False
30693,Ca1S2Sr1,False
30705,Ca1S4V2,False
30712,Ca1S5V2,False
30713,Ca1S7Sn3,False
30718,Ca1Se1,True
30721,Ca1Se4Zn3,False
30732,Ca1Sm1Zn2,True
30737,Ca1Sn1Zn1,True
30740,Ca1Sr1,False
30747,Ca1Te4Tm2,False
30756,Ca1Yb3,False
30767,Ca21Sb18Zn4,True
30768,Ca22H51Rh11,False
30770,Ca28S48Yb15,False
30778,Ca2Cd1P2,True
30784,Ca2Cd1Tl1,True
30793,Ca2Cl1O12P3Pb3,True
30807,Ca2Co1Fe1O5,False
30811,Ca2Co1Fe7O24Sr6,False
30815,Ca2Co1Nb2O9,False
30818,Ca2Co1O5Y1,False
30829,Ca2Co3Cu1O12Sr2,False
30839,Ca2Co5Fe3O24Sr6,False
30841,Ca2Co7Cu1O24Sr6,False
30843,Ca2Cr1Fe1O5,False
30846,Ca2Cr1Ir1O6,True
30856,Ca2Cr1O6Ti1,False
30861,Ca2Cr2O5,False
30867,Ca2Cs2O12S3,True
30872,Ca2Cu1Li1N2,True
30875,Ca2Cu1O2S1,False
30881,Ca2Cu1O6Ta1,False
30882,Ca2Cu1O6W1,False
30890,Ca2Cu2H4O12Si3,False
30891,Ca2Cu2Na1O12V3,False
30896,Ca2Cu6P5,False
30900,Ca2Eu2Ge4In3,False
30911,Ca2F2Lu1Na1O7Si2,False
30917,Ca2F7Yb1,False
30918,Ca2Fe1Ga1O5,True
30920,Ca2Fe1H6,True
30927,Ca2Fe1Mn3O12Sr2,False
30928,Ca2Fe1Mo1O6,True
30930,Ca2Fe1Nb1O6,True
30931,Ca2Fe1Nb2O8,False
30935,Ca2Fe1O6Os1,True
30940,Ca2Fe1O6W1,True
30941,Ca2Fe1O8Ta2,False
30948,Ca2Fe3Mn1O10Sr2,False
30950,Ca2Fe3Mn5O20Sr6,False
30953,Ca2Fe3O12Sn2Y1,True
30955,Ca2Fe3O24P6Sb1,True
30958,Ca2Fe4O12Sb1Y1,False
30959,Ca2Fe5Mn3O20Sr6,False
30968,Ca2Ga1O7Si2,False
30974,Ca2Ga1Zn3,True
30975,Ca2Ga2Ge1O7,False
30983,Ca2Ge1In2Sr1,False
30986,Ca2Ge1O10Si1Ti2,False
30991,Ca2Ge1S4,True
30994,Ca2Ge2O7Zn1,False
31006,Ca2H1P1,False
31007,Ca2H2K2Mg1O16S4,False
31024,Ca2Hf1O4,False
31025,Ca2Hf7O16,False
31030,Ca2Hg1Pd1,False
31043,Ca2In1N1,True
31047,Ca2In1Pb1,False
31051,Ca2In1Zn1,False
31087,Ca2Li1Rh1,True
31094,Ca2Lu10O18Sr1,False
31096,Ca2Mg1O6Re1,True
31098,Ca2Mg1O7Si2,False
31099,Ca2Mg1Pd2,True
31100,Ca2Mg1Pt2,True
31102,Ca2Mg2Na1O12V3,True
31107,Ca2Mn1Nb1O6,False
31111,Ca2Mn1Ni1O8Pr2,False
31112,Ca2Mn1O10P2,False
31117,Ca2Mn1O6Ru1,True
31126,Ca2Mn3O10Sr2Ti1,False
31151,Ca2N2Ti1,False
31159,Ca2N4Sr1W1,True
31165,Ca2Na1O9Si3,False
31171,Ca2Na3O6Ta1,True
31172,Ca2Na4O35P8,False
31174,Ca2Na4P4Sn1,False
31178,Ca2Nb2O8Sb1,False
31180,Ca2Nb2O8Ta1,False
31186,Ca2Ni1O6Os1,True
31193,Ca2Ni3O8,False
31195,Ca2Ni9O13,False
31205,Ca2O12Rb2S3,True
31211,Ca2O16Ti2Zr5,True
31220,Ca2O4Sn1,True
31221,Ca2O4Ti1,False
31225,Ca2O5Si1,False
31226,Ca2O5Sn1Y1,False
31228,Ca2O5Te1,False
31240,Ca2O6Re1Sc1,False
31247,Ca2O6Sb1Ti1,False
31256,Ca2O6Ta1V1,False
31265,Ca2O7Si2Zn1,False
31268,Ca2O8Pb1V2,False
31269,Ca2O8Pt3,True
31271,Ca2O8Se3,True
31273,Ca2O8Sn3,True
31279,Ca2O8W3,False
31281,Ca2O9Rb2Si3,True
31286,Ca2Pb1,True
31287,Ca2Pb1Tl1,True
31290,Ca2Pd1Pt1,False
31300,Ca2Sb2Zn1,False
31302,Ca2Si1,True
31306,Ca2Sn1Zn1,False
31312,Ca33Mo27O80,False
31314,Ca3Cd1,False
31329,Ca3Co1Mn1O6,False
31340,Ca3Co2O12Te2,False
31346,Ca3Co4Fe4O20Sr5,False
31352,Ca3Co6Fe2O24Sr5,False
31354,Ca3Co7Fe1O24Sr5,False
31355,Ca3Cr14O56Sr18,True
31356,Ca3Cr1La5Mn7O24,False
31366,Ca3Cr5La7O30Ti5,False
31369,Ca3Cu1Ir1O6,False
31371,Ca3Cu1O6Rh1,False
31375,Ca3Cu2O12Si3,False
31377,Ca3Cu2O14Si4,False
31379,Ca3Cu2O6Sr1,False
31380,Ca3Cu2P4Zn2,True
31386,Ca3Dy1,False
31392,Ca3F2Nb4O12,False
31396,Ca3Fe15O25,False
31397,Ca3Fe1La5Mn7O24,False
31402,Ca3Fe1N3,True
31404,Ca3Fe1O12Sc1Si3,False
31406,Ca3Fe2Ga2O10,False
31413,Ca3Fe2N4,False
31417,Ca3Fe2O12Rh2,False
31423,Ca3Fe2O18Se6,True
31427,Ca3Fe4Mn4O20Sr5,False
31431,Ca3Fe4O24Sb6,False
31432,Ca3Fe4O24Ta6,False
31435,Ca3Fe7Mn1O20Sr5,False
31437,Ca3Fe7O24Si6,False
31440,Ca3Ga2Ge4O14,False
31453,Ca3Ga3Rh2,True
31461,Ca3Ge1N1,True
31463,Ca3Ge1O15Si2Ti3,False
31468,Ca3Ge3Mo2O12,True
31469,Ca3Ge3Ni2O12,False
31472,Ca3Ge3O12Sc2,True
31479,Ca3Ge3O12Yb2,False
31490,Ca3Hf4O12Sr1,False
31493,Ca3Ho1,False
31513,Ca3La1Mn4O12,False
31520,Ca3Li1O6Os1,True
31526,Ca3Lu9O18Sr1,False
31533,Ca3Mg4Zn11,False
31537,Ca3Mn1N3,True
31538,Ca3Mn1Ni1O6,False
31541,Ca3Mn2Nd1O8,False
31545,Ca3Mn2O12Ta2,False
31552,Ca3Mn3O10Sr1Ti1,False
31555,Ca3Mn3O24Sr5Ti5,False
31564,Ca3Mn7O20Sr5Ti1,False
31570,Ca3N1P1,True
31572,Ca3N1Sb1,True
31574,Ca3N1Tl1,False
31576,Ca3N3V1,True
31586,Ca3Na6O12U2,False
31601,Ca3O12Sb2Si3,False
31603,Ca3O12Si3Sn2,False
31608,Ca3O12Sn4Sr1,False
31609,Ca3O12Sr1Ti4,False
31632,Ca3O6Re1,True
31638,Ca3O7Sb2,False
31646,Ca3O8Pb2Sr1,False
31652,Ca3O9Si2Zr1,True
31656,Ca3P14Si8,False
31657,Ca3P1Sb1,True
31674,Ca3S8Ti4,False
31675,Ca3Sb2,False
31676,Ca3Se4Zn1,False
31686,Ca3V1,False
31687,Ca3W1,False
31692,Ca4Cl4Cu3O8Sm2,False
31698,Ca4Co5Fe3O24Sr4,False
31703,Ca4Co7Fe1O24Sr4,False
31709,Ca4Er2Pt9Sn15,True
31719,Ca4F2O7Si2,True
31734,Ca4Fe3O24Si8Zn1,False
31736,Ca4Fe5O13Y1,False
31739,Ca4Fe9O17,False
31741,Ca4Ga1Si3,True
31745,Ca4Ge3Ni4,True
31760,Ca4K2O16Si4U1,False
31762,Ca4La2O15Zr4,False
31766,Ca4Mg1Ni3O24Si8,False
31769,Ca4Mn2O7,False
31793,Ca4O18Te3V5,False
31794,Ca4O18Te3W5,False
31795,Ca4O19P6,True
31796,Ca4O19Si6W3,False
31798,Ca4O1Sb2,True
31803,Ca4O6Pt1,False
31812,Ca4Rh1,False
31821,Ca5Cl1O12P3,True
31829,Ca5Co3Fe5O24Sr3,False
31835,Ca5Cr1Mn9Nd5O30,False
31840,Ca5Cu2Ir2O12,False
31841,Ca5Cu2O12Rh2,False
31843,Ca5Dy1Fe1O30Si6Ti5,False
31857,Ca5Fe4Mn4O24Sr3,False
31868,Ca5Ge3H1,True
31878,Ca5In2Sb6,True
31881,Ca5K2Na4O34Si12,False
31892,Ca5Mn3O24Ti5Y3,False
31896,Ca5Mn5O24Sr3Ti3,False
31901,Ca5N5Nb1,True
31904,Ca5N6Si2,True
31905,Ca5N6V2,False
31906,Ca5Na1O36Sc1Si12Zn5,False
31916,Ca5O14Te3,False
31923,Ca5P8,True
31926,Ca5Pt2,True
31927,Ca5Pt3,False
31929,Ca5S11Sn3,False
31932,Ca5Sb3,True
31939,Ca6Co3O12Rh1,False
31942,Ca6Co5Fe3O24Sr2,False
31943,Ca6Co7Cu1O20Sr2,False
31944,Ca6Co7Cu1O24Sr2,False
31950,Ca6Cu2Sn7,True
31962,Ca6Ge1Li1,False
31963,Ca6Ge2O1,False
31965,Ca6H2O19Si6,False
31971,Ca6Mn1N5,True
31978,Ca6Na5Nd5O48Zr16,False
31981,Ca6O19Si6,False
31988,Ca7Co6Fe2O20Sr1,False
31989,Ca7Co6Fe2O24Sr1,False
31990,Ca7Co7Cu1Mg1O20,False
31992,Ca7Co7Fe1Mg1O20,False
31994,Ca7Co7Fe1O20Sr1,False
31996,Ca7Co8Mg1O20,False
32002,Ca7F2K1Li3O36Si12Ti2,True
32005,Ca7F4Mn1Na5O32Si8Ti1Zr2,False
32024,Ca7Mg1Mn8O24,False
32026,Ca7Mn7O24Sr1Ti1,False
32028,Ca7N4Tl1,True
32033,Ca7Ni4Sn13,True
32042,Ca8Cr5La2O30Ti5,False
32044,Ca8F3O15Si4,False
32061,Ca9Co4O24Y3,False
32062,Ca9Cr1O28P7,True
32063,Ca9F1O17Si4,False
32066,Ca9Fe1O28P7,True
32089,Ca9Sb9Zn4,True
32113,Cd1Ce1Cs1Se3,True
32116,Cd1Ce1In1,False
32120,Cd1Ce1Pt1,False
32122,Cd1Ce2Cu2,False
32130,Cd1Ce2S4,False
32133,Cd1Ce3,False
32135,Cd1Ce4Ni1,False
32147,Cd1Cl2,True
32150,Cd1Cl2O4,False
32155,Cd1Cl3K1,True
32156,Cd1Cl3N1,False
32160,Cd1Cl4Cu1H8O4,False
32163,Cd1Cl4Rb2,False
32173,Cd1Cl8Na6,True
32174,Cd1Cl9Cu7K1O8Se2,False
32175,Cd1Co1Cr4S8,False
32176,Cd1Co1Cu3Se4,False
32180,Cd1Co1Ho4,True
32189,Cd1Co3O24P8,False
32192,Cd1Cr1F6Li1,True
32196,Cd1Cr1Te2,False
32205,Cd1Cr3Te4,False
32209,Cd1Cr4Mn1S8,False
32219,Cd1Cs1Ho1Te3,True
32222,Cd1Cs1La1Te3,True
32224,Cd1Cs1N3O6,False
32227,Cd1Cs1Pr1Se3,True
32234,Cd1Cs1Te3Tm1,True
32236,Cd1Cs2Hg1,False
32247,Cd1Cu1Na1Se2,False
32248,Cd1Cu1O4V1,False
32253,Cd1Cu1Sm1,False
32254,Cd1Cu2,False
32265,Cd1Cu2O4,True
32275,Cd1Cu2Si1Te4,True
32281,Cd1Cu2Yb5,True
32286,Cd1Cu3O12Ti4,False
32287,Cd1Cu3Se4V1,False
32291,Cd1Cu4Ho1,True
32297,Cd1Cu6O8,False
32301,Cd1Dy1In1,False
32303,Cd1Dy1Pd2,True
32304,Cd1Dy1Pt2,False
32321,Cd1Er1,True
32323,Cd1Er1Hg2,True
32331,Cd1Er2In1,True
32336,Cd1Er2Se4,False
32341,Cd1Er4Pt1,True
32357,Cd1Eu2Pb1,True
32363,Cd1F1O6Ti2Y1,False
32364,Cd1F1O6Ti2Yb1,False
32368,Cd1F3N1,False
32371,Cd1F3Tl1,True
32372,Cd1F4Pd1,False
32374,Cd1F5Mn1,False
32376,Cd1F6Li1V1,True
32378,Cd1F6Pd1,True
32387,Cd1F7Tl1Zr1,True
32389,Cd1Fe1Mg30O32,False
32403,Cd1Ga1Nd1,False
32408,Cd1Ga1Sm1,True
32413,Cd1Ga2O4,True
32418,Cd1Ga4S8Zn1,False
32421,Cd1Gd1Hg2,True
32426,Cd1Gd1Rh2,False
32432,Cd1Gd2S4,False
32445,Cd1Ge1Sr1,True
32451,Cd1Ge2Nd6S14,True
32452,Cd1Ge2O5,False
32453,Cd1Ge2Pr6S14,True
32455,Cd1Ge2Sm2,True
32459,Cd1Ge3,False
32469,Cd1H2O5Se1,True
32471,Cd1H3N1O5,True
32477,Cd1H4O10Re2,False
32478,Cd1H4O4P2,False
32487,Cd1H8O10P2,True
32489,Cd1Hf1Mg30O32,False
32495,Cd1Hg1La2,False
32500,Cd1Hg1Nd2,False
32506,Cd1Hg1Sc2,False
32514,Cd1Hg2,False
32516,Cd1Hg2In1,False
32517,Cd1Hg2La1,True
32520,Cd1Hg2Mg1,False
32524,Cd1Hg2O6Se1,True
32532,Cd1Hg2Th1,True
32536,Cd1Hg2Y1,True
32550,Cd1Ho2Os1,False
32551,Cd1Ho2Pd2,True
32554,Cd1Ho2Tl1,True
32558,Cd1Ho4Pt1,True
32559,Cd1Ho4Rh1,True
32564,Cd1I2,True
32568,Cd1I4O8Sr1,False
32581,Cd1In1Pr1,True
32585,Cd1In1Sm1,True
32597,Cd1In2S4,True
32609,Cd1Ir1Sm4,True
32622,Cd1K2O10Se2,False
32625,Cd1K2O7P2,True
32626,Cd1K2Pb1,True
32627,Cd1K2S4Sn1,True
32629,Cd1K2Sb2Sr1,True
32630,Cd1K2Se4Sn1,True
32634,Cd1K4P2,True
32643,Cd1La1Tl1,False
32660,Cd1Li1Mo1O5,False
32666,Cd1Li1Sb1,False
32676,Cd1Li2Pd1,True
32688,Cd1Lu1Pt2,False
32689,Cd1Lu1Rh2,True
32691,Cd1Lu2Os1,False
32707,Cd1Mg1Pd2,True
32708,Cd1Mg1Pm2,True
32709,Cd1Mg1Pr2,False
32721,Cd1Mg30Nb1O32,False
32724,Cd1Mg30O32Sn1,False
32727,Cd1Mg30O32V1,False
32729,Cd1Mg30O32Zn1,False
32731,Cd1Mg5,False
32732,Cd1Mg6Sn1,False
32733,Cd1Mn1O2,False
32734,Cd1Mn1O3,False
32740,Cd1Mn2O3,False
32743,Cd1Mn2Te3,False
32744,Cd1Mn3,False
32753,Cd1Mo1O6Te1,True
32755,Cd1Mo3O16Y4,False
32759,Cd1N1,False
32766,Cd1N2O10,False
32783,Cd1Na1Sb1,True
32785,Cd1Na1Tl2,False
32788,Cd1Na2O6Si2,False
32793,Cd1Na2Sn1,True
32795,Cd1Na3,True
32799,Cd1Nb2O6,True
32803,Cd1Nd1Ni4,True
32813,Cd1Nd2Sb4,True
32814,Cd1Nd2Se4,False
32816,Cd1Nd3,False
32818,Cd1Nd4O13Si3,True
32819,Cd1Nd4Pd1,True
32834,Cd1Ni2Sm2,True
32835,Cd1Ni2Tb2,True
32836,Cd1Ni4Pr1,True
32849,Cd1O11P4,True
32850,Cd1O12P4Sr1,False
32853,Cd1O14Sr3V4,False
32862,Cd1O3Os1,False
32863,Cd1O3Pb1,True
32874,Cd1O3Ti1,True
32880,Cd1O4Rb6,True
32883,Cd1O4Se1,True
32888,Cd1O4Zn3,False
32890,Cd1O5Se2,True
32901,Cd1O6V2,True
32906,Cd1O7V3,False
32908,Cd1O9P2V2,True
32914,Cd1P14Pb1,True
32919,Cd1P1Se3,True
32923,Cd1P2Sn1,True
32924,Cd1P4,False
32925,Cd1Pa1,False
32933,Cd1Pb1Te2,False
32955,Cd1Pd2Tm1,True
32956,Cd1Pd2Tm2,True
32960,Cd1Pd2Zr1,True
32961,Cd1Pd3,True
32980,Cd1Pr4Pt1,True
32982,Cd1Pt1,True
32983,Cd1Pt1Sm4,True
32988,Cd1Pt2Sc1,False
32989,Cd1Pt2Sr2,True
32993,Cd1Pt2Y1,False
32995,Cd1Pt3,True
32996,Cd1Pu1Rh2,False
33005,Cd1Rh2Tm1,True
33009,Cd1S1,True
33012,Cd1S2,True
33017,Cd1S4Tb2,False
33021,Cd1S4Yb2,False
33029,Cd1Sb2Sn1,True
33031,Cd1Sb3,False
33035,Cd1Sc2Se4,False
33041,Cd1Se2Tl1,False
33043,Cd1Se4Sm2,False
33047,Cd1Se4Zn3,False
33061,Cd1Sn1Yb2,True
33064,Cd1Sr2Tl1,True
33065,Cd1Sr2Zn3,False
33068,Cd1Te2Tl1,False
33069,Cd1Te2Zn1,False
33072,Cd1Ti1,False
33073,Cd1Ti2,True
33076,Cd1Tl1Y1,False
33080,Cd1Tl3,False
33084,Cd1V3,False
33090,Cd1Zr1,True
33101,Cd20Ni2Y1,True
33112,Cd2Cl1O3,False
33116,Cd2Cl4O5,False
33118,Cd2Cl6Mg1O12,False
33119,Cd2Cl6Ni1O12,False
33120,Cd2Cs2Mo3O12,True
33122,Cd2Cu10Fe3Se20Sn5,False
33125,Cd2Cu1Ga1S4,False
33126,Cd2Cu1Ga1Se4,False
33128,Cd2Cu1In1Se4,False
33141,Cd2Er1,True
33145,Cd2Er1Y1,False
33155,Cd2F1Sb5Sr5,True
33185,Cd2In1Li1,False
33189,Cd2K11Sb5,True
33190,Cd2K1Sb3Sr2,True
33195,Cd2K4O19S4,False
33197,Cd2La15Rh5,True
33201,Cd2La2O5,False
33203,Cd2Li1Ni1,False
33211,Cd2Mg1,True
33214,Cd2Mg1Pm1,True
33220,Cd2Mg1Tm1,True
33223,Cd2Mn1O6Te1,True
33225,Cd2Mn1Te3,False
33226,Cd2Mo15Se19,False
33242,Cd2Nd1Pd1,True
33243,Cd2Nd1Yb1,True
33248,Cd2O12S3Tl2,True
33258,Cd2O7Os2,True
33268,Cd2O9S2,False
33271,Cd2P2Sr1,True
33279,Cd2S11Sb6,False
33290,Cd2Tm1Y1,False
33306,Cd3Cu2P10,False
33311,Cd3Fe1S4,False
33312,Cd3Fe1Se4,False
33315,Cd3Ga2Ge3O12,True
33316,Cd3Ga5O12,False
33323,Cd3Ge3O12V2,False
33325,Cd3H10O21Rb2S4,False
33329,Cd3Hg1,False
33334,Cd3In2Se6,False
33335,Cd3Ir1,False
33337,Cd3K16Na9Tl18,True
33339,Cd3K2Se4,True
33347,Cd3Mn1,False
33357,Cd3Na2O10Si3,True
33362,Cd3Ni1,False
33378,Cd3O8V2,False
33382,Cd3P3Pr1,False
33384,Cd3Pd1,False
33385,Cd3Pd1Y10,True
33387,Cd3Pr1,True
33393,Cd3S4Zn1,False
33395,Cd3Sc1,True
33417,Cd45Pr11,False
33423,Cd4Ce6Pd13,False
33425,Cd4Cl3H10Na3O24P6,False
33446,Cd4Ir7Nd23,False
33449,Cd4K1O12V3,True
33460,Cd4Na1O12P3,False
33461,Cd4Nd23Ni7,True
33468,Cd4O15Se4,False
33477,Cd4Rh7Tb23,False
33480,Cd4S6Si1,False
33488,Cd58Sm13,False
33501,Cd5Ni1,False
33502,Cd5O10Si2,False
33510,Cd5S1Te4,False
33518,Cd6Ho1,True
33520,Cd6Mn1O8,True
33522,Cd6Nd1,False
33544,Ce10Cs2I17Os2,True
33566,Ce15Ni32,False
33570,Ce1Cl13O13P4,False
33580,Ce1Cl4O16,True
33590,Ce1Cl6Cs2Rb1,False
33591,Ce1Cl6Cs3,True
33596,Ce1Cl6K2Na1,False
33603,Ce1Cl6O2Rb3,False
33611,Ce1Co1Ge1,True
33612,Ce1Co1Ge1H1,True
33618,Ce1Co1Mn4O15Sr4,False
33629,Ce1Co2K5N12O24,False
33631,Ce1Co2N12O24Tl5,False
33635,Ce1Co3,False
33640,Ce1Co4Y1,False
33642,Ce1Co5H4,False
33646,Ce1Co9Ga4,False
33653,Ce1Cr1O3,False
33654,Ce1Cr1S3,True
33657,Ce1Cr2La2Mn2O12Sr1,False
33661,Ce1Cs1Hg1Se3,True
33673,Ce1Cs2I6Li1,True
33675,Ce1Cs2N5O17,False
33688,Ce1Cu1In1,True
33690,Ce1Cu1Mg1,False
33722,Ce1Cu2N12O24Tl5,False
33723,Ce1Cu2O10Ru1Sr2Y1,False
33727,Ce1Cu2Sn2,True
33730,Ce1Cu3Fe4O12,False
33735,Ce1Cu4Fe2O18Sr4Y3,False
33737,Ce1Cu4In3Se8,False
33739,Ce1Cu4Nb2Nd3O20Sr4,False
33744,Ce1Cu4P2,True
33759,Ce1Dy4S7,False
33764,Ce1Er3,False
33775,Ce1F3,True
33777,Ce1F4H12N5,False
33779,Ce1F4Rb1,True
33781,Ce1F6K2Rb1,False
33794,Ce1Fe1Mg14,False
33804,Ce1Fe2Ge2,True
33808,Ce1Fe2Si2,True
33816,Ce1Fe4Y1,False
33829,Ce1Ga1Pd2,True
33831,Ce1Ga1Pt4,False
33837,Ce1Ga2Pd2,True
33844,Ce1Ga4Na1Se8,False
33845,Ce1Ga4Os1,True
33853,Ce1Ge12Pt4,True
33855,Ce1Ge1K1Se4,False
33856,Ce1Ge1Li2,False
33862,Ce1Ge1Pd2Si1,True
33866,Ce1Ge1Sc1,False
33874,Ce1Ge2Ni1,True
33883,Ce1Ge3Ru1,True
33890,Ce1H1Ni1Sn1,True
33898,Ce1H2Ni1Sn1,True
33899,Ce1H2O8P2,False
33902,Ce1H3O3,False
33914,Ce1Hg2Mg1,True
33921,Ce1Ho1In2,True
33925,Ce1Ho3S6,True
33928,Ce1I1O9V2,False
33931,Ce1I2O6,False
33937,Ce1I4Sr1,False
33939,Ce1I5Rb2,True
33945,Ce1I6Na1Rb2,False
33966,Ce1In4Ni1,False
33974,Ce1Ir1O6Sr2,True
33988,Ce1Ir2Zn20,True
33999,Ce1K1S2,True
34000,Ce1K1S4Si1,True
34006,Ce1K2O15Ta5,True
34007,Ce1K2O8P2,True
34010,Ce1K3P2S8,True
34011,Ce1K5N12Ni2O24,False
34017,Ce1La1Mo12S16,False
34028,Ce1La1Si2,False
34029,Ce1La1Sn6,False
34035,Ce1La4Pd15,True
34036,Ce1La4Zn5,False
34066,Ce1Mg1,False
34076,Ce1Mg1Pd1,True
34078,Ce1Mg1Rh1,True
34085,Ce1Mg2,False
34086,Ce1Mg2Ni1,False
34091,Ce1Mg2Si2,False
34093,Ce1Mg2Tm1,False
34110,Ce1Mn1O1Sb1,False
34112,Ce1Mn1Pd1Si2,False
34113,Ce1Mn1Si1,True
34125,Ce1Mo2O9Sb1,False
34126,Ce1Mo5O8,False
34140,Ce1N2Sr1,True
34143,Ce1N3O13,False
34145,Ce1N5O19Rb2,False
34157,Ce1Na1S2,True
34164,Ce1Nb1O6Ti1,True
34169,Ce1Nd2S4,False
34173,Ce1Ni10P4,False
34176,Ce1Ni1Pt1,False
34181,Ce1Ni1Sn1,True
34191,Ce1Ni3,True
34194,Ce1Ni4Sn2,False
34203,Ce1O10Th4,False
34211,Ce1O14P3,False
34219,Ce1O1Sb1Zn1,False
34223,Ce1O24Zr11,False
34227,Ce1O3,False
34234,Ce1O3Sc1,False
34244,Ce1O4Re1,False
34248,Ce1O4Sr1V1,False
34258,Ce1O6S1,False
34264,Ce1O6Zr2,False
34265,Ce1O7P2,True
34273,Ce1O9P3,True
34274,Ce1O9Ta3,False
34282,Ce1Os4Sb12,True
34285,Ce1P1Pd1,True
34287,Ce1P1S4,True
34299,Ce1P3,False
34304,Ce1Pb1Rh1,True
34314,Ce1Pd1Sn1,True
34321,Ce1Pd2Si2,True
34336,Ce1Pt1Si1,True
34340,Ce1Pt1Zn1,True
34343,Ce1Pt2Sn2,False
34344,Ce1Pt3,True
34345,Ce1Pt4Rh1,False
34352,Ce1Rb1Te2,True
34354,Ce1Re4Si2,True
34355,Ce1Rh1,True
34361,Ce1Rh1Si3,True
34362,Ce1Rh1Sn1,True
34363,Ce1Rh1Sn2,False
34365,Ce1Rh2,True
34366,Ce1Rh2Si1,True
34369,Ce1Rh2Sn4,True
34371,Ce1Rh3,True
34374,Ce1Rh5Y4,False
34377,Ce1Ru1Si3,True
34378,Ce1Ru1Sn1,True
34390,Ce1S3Th2,False
34391,Ce1S3Tm1,False
34393,Ce1S4Sm2,False
34396,Ce1S5U2,False
34397,Ce1S6Tm3,True
34411,Ce1Se1,True
34414,Ce1Se3Yb1,False
34429,Ce1Tb2,False
34430,Ce1Tb3,False
34440,Ce1Tl2Y1,False
34450,Ce1Zn1,False
34454,Ce1Zn5,False
34457,Ce25Ni49P33,False
34473,Ce2Co1In8,True
34476,Ce2Co3Si5,True
34479,Ce2Co5Fe12N3,False
34485,Ce2Cu1Ge3,False
34492,Ce2Cu2In1,True
34494,Ce2Cu3Fe3O24Sr6Y4,False
34495,Ce2Cu3Ga5,False
34497,Ce2Cu3Sb4,False
34503,Ce2Dy2O7,False
34506,Ce2Fe12P7,True
34507,Ce2Fe15Ga2,False
34511,Ce2Fe1O2Se2,False
34515,Ce2Fe22H1Ti2,False
34517,Ce2Fe2O3Se2,False
34523,Ce2Ga10Ni1,False
34524,Ce2Ga10Pd1,False
34525,Ce2Ga12Ni1,True
34529,Ce2Ga9Ir3,True
34540,Ce2Ge3Rh1,False
34541,Ce2Ge3Zn6,True
34548,Ce2H1Li1O3,False
34557,Ce2Hg1Zn1,False
34559,Ce2In1Mg1,False
34560,Ce2In1Ni2,True
34568,Ce2In3Sn3,True
34572,Ce2In8Pt1,True
34574,Ce2Ir3Sb4,False
34578,Ce2K5Na1O24S6,True
34579,Ce2La1Mn3O9,False
34590,Ce2Mg1Se4,False
34591,Ce2Mg1Si2,True
34597,Ce2Mn5Ni5,False
34600,Ce2Mo6O45Te1,False
34612,Ce2Ni17Si9,False
34615,Ce2Ni1Pt1Sn2,False
34616,Ce2Ni1Ru3,True
34624,Ce2Ni7P4,True
34628,Ce2O14S3W4,False
34631,Ce2O17S4,False
34636,Ce2O2Sb1,True
34645,Ce2O6Pr1,False
34647,Ce2O6U1,True
34654,Ce2O7Y2,False
34656,Ce2O8Se2Ta3,False
34659,Ce2O9Ta2,False
34678,Ce2Rh3Si5,True
34685,Ce2S4Yb1,False
34694,Ce2Sb4Zn1,True
34705,Ce2Si2Y1,False
34710,Ce2Sn3Tl3,True
34712,Ce2Te3,True
34715,Ce2Zn17,True
34725,Ce3Co4Sn13,False
34738,Ce3Cu4Ge4,True
34745,Ce3F6N1,False
34751,Ce3Gd1,False
34752,Ce3Ge1,False
34756,Ce3Ge1In4,False
34758,Ce3Ge1S2,True
34761,Ce3Ge2Sn3,False
34765,Ce3Ge5Pd14,False
34767,Ce3Ge7Ni2,True
34774,Ce3I3Ir1,True
34776,Ce3I3Si1,True
34781,Ce3Ir4Sn13,True
34784,Ce3Li1,False
34785,Ce3Lu1Se6,True
34787,Ce3Mg2Rh4,False
34795,Ce3Na5Nb2O24Ti6,False
34796,Ce3Nb1O4S3,False
34805,Ce3O14Th4,False
34807,Ce3O16Sr1V4,True
34816,Ce3O9Th2,False
34822,Ce3Pd4,True
34824,Ce3Pd4Sn6,True
34827,Ce3Pd6Sb5,True
34835,Ce3Rb1Te8,False
34840,Ce3Ru1,False
34856,Ce3Sr1,False
34857,Ce3Tb1,False
34863,Ce3Y1,False
34866,Ce3Zn11,True
34897,Ce4La1,False
34898,Ce4La1Ru10Si10,False
34902,Ce4Mg1Rh1,False
34905,Ce4Mn3Sb8,False
34913,Ce4O10Th1,False
34914,Ce4O10U1,True
34916,Ce4O11Y2,False
34920,Ce4O4S3,True
34922,Ce4O7S3Si2,False
34923,Ce4O7Se3Si2,False
34926,Ce4O9Th1,False
34928,Ce4Pd12Sn25,False
34941,Ce5Cl18Na3,False
34943,Ce5Cu19P12,True
34945,Ce5Dy2O13,False
34950,Ce5Ge2Ni1,False
34953,Ce5Ge2Ru1,True
34960,Ce5K1S8,False
34966,Ce5Ni1Pb3,True
34967,Ce5O13Sm2,False
34970,Ce5O1Pb3,True
34975,Ce5S8,False
35000,Ce7O16Zr1,False
35001,Ce7O6Se12Ti4,True
35004,Ce8Ga1Pd24,False
35017,Ce9Dy1O20,False
35028,Cl10Cs4O1Os2,True
35042,Cl10K4O1Re2,False
35051,Cl10N4O1Os2,False
35052,Cl10N6O1P6,False
35056,Cl10O7Si6,False
35062,Cl10Sc7,True
35064,Cl11Cr2H64N13Ni2O12,False
35067,Cl11Cs1Nb4,True
35072,Cl11Hg5Tl1,False
35073,Cl11Ho5,False
35076,Cl11K1Nb2,True
35079,Cl11La1Sr4,False
35083,Cl11N3P4,True
35085,Cl11Nb3Tl1V1,False
35088,Cl11P1W4,True
35089,Cl12Cr1Mn2Rb6,False
35102,Cl12Mn25O40Yb6,False
35106,Cl12N1Nb1P2,True
35111,Cl12Os1S2,True
35116,Cl12Rb4Sb1Tl1,True
35128,Cl13F7Sb4,False
35130,Cl13Lu1Nb6O3,True
35131,Cl13Mo6Na1,False
35138,Cl13Yb6,False
35143,Cl14Ga3S8Sb7,True
35153,Cl14Mn1Zr6,True
35170,Cl15Na3Nd5,False
35174,Cl15Tm7,False
35175,Cl15Yb7,False
35177,Cl16H14O20Sn21,True
35184,Cl16Ni15,False
35187,Cl16Ti7,True
35188,Cl17N10Ta5,False
35193,Cl18Cs1Fe1La1Zr6,True
35194,Cl18Cs1Lu1Nb6,True
35197,Cl18Cs1Sr1Ta6,True
35198,Cl18Cs2Nb6Pb1,True
35205,Cl18K1Lu1Nb6,True
35206,Cl18K1Nb6Y1,True
35209,Cl18K2Zr7,False
35211,Cl18La5Na3,False
35212,Cl18Lu1Nb6,True
35220,Cl1Co1F6N5Si1,False
35223,Cl1Co1H17N5O4S2,False
35226,Cl1Co1H4O3P1,False
35241,Cl1Cr1F2N4O4,False
35243,Cl1Cr1Li3O4,False
35246,Cl1Cr1Sm8Te13,True
35248,Cl1Cr2F1H2O10Pb4,True
35253,Cl1Cs1,True
35257,Cl1Cs1I1K1,False
35264,Cl1Cs1N1O4Tc1,False
35269,Cl1Cs2F6Se1,True
35271,Cl1Cs3O1,False
35273,Cl1Cs6Dy21S34,True
35290,Cl1Cu1In2Te3,False
35291,Cl1Cu1K4O15V5,False
35296,Cl1Cu1Nb2O7Sr1,False
35297,Cl1Cu1O1,False
35300,Cl1Cu1O3Sb2,False
35306,Cl1Cu1Se2,True
35312,Cl1Cu3Er1O8Se2,False
35313,Cl1Cu3K1O9S2,False
35317,Cl1Cu3O8Se2Y1,False
35320,Cl1Cu4Na1O9P2,False
35328,Cl1Dy1O3Se1,True
35332,Cl1Er1H6K4O21P6,False
35339,Cl1Eu1H1,True
35343,Cl1Eu1O2,False
35349,Cl1F1,True
35350,Cl1F10Sb1,True
35353,Cl1F1Ge1,False
35354,Cl1F1I1O1,True
35367,Cl1F2O2,False
35370,Cl1F3N1Sb1,False
35372,Cl1F3O1,True
35376,Cl1F4Na15O20S5,False
35379,Cl1F5K1N1W1,False
35380,Cl1F5K2Te1,True
35384,Cl1F6K3Re1,False
35396,Cl1Fe1,False
35402,Cl1Fe1O1,True
35403,Cl1Fe1O10S1,False
35408,Cl1Fe1Tc2,False
35418,Cl1Fe3O10Te3,True
35419,Cl1Fe3O8Pb4,False
35421,Cl1Fe3O8Sr4,False
35428,Cl1Gd1,False
35433,Cl1Gd1O3Se1,True
35442,Cl1H10O8P3U1,False
35443,Cl1H12N7P2,False
35452,Cl1H1O1Pb1,True
35456,Cl1H1Sc1,True
35480,Cl1H4N1O4,False
35481,Cl1H4N1O5,False
35487,Cl1H5N2,False
35489,Cl1H5O2,False
35494,Cl1H6Na1O16S1Zn4,True
35497,Cl1H7O7,True
35506,Cl1Hg1O4,False
35509,Cl1Hg2O12Rb3S3,True
35516,Cl1Hg3O1,False
35536,Cl1I1Sr1,False
35545,Cl1In3,False
35549,Cl1Ir1N7O6,False
35553,Cl1K1O12S3Sn4,False
35564,Cl1K3O3S3Sn2,False
35569,Cl1La1Nb2O6,False
35570,Cl1La1Nb2O7Rb2,False
35582,Cl1La4O8P1,False
35591,Cl1Li20P3S23Si3,False
35596,Cl1Lu1Mo1O4,False
35597,Cl1Lu1O3Se1,True
35601,Cl1Mg2O3,False
35602,Cl1Mg2O4P1,False
35604,Cl1Mn1O3,False
35606,Cl1Mn1O6Se2Sm1,True
35607,Cl1Mn1S2Sb1,False
35620,Cl1Mo1O4Yb1,False
35628,Cl1N1O1S1,False
35634,Cl1N1S1,False
35640,Cl1N1Zr1,True
35645,Cl1N2S3,False
35648,Cl1N3O2S3,False
35652,Cl1N5O4Rh1W1,False
35662,Cl1Na1O2,False
35665,Cl1Na2,False
35682,Cl1Nd3O8Si2,True
35685,Cl1Ni1,False
35686,Cl1Ni1O3Sr2,False
35699,Cl1O1Pb1,False
35702,Cl1O1Rb3,True
35704,Cl1O1Sc1,False
35711,Cl1O1Zn1,False
35713,Cl1O2Pb1Sb1,True
35717,Cl1O2Sm1,False
35721,Cl1O3,True
35724,Cl1O3Pb3,False
35737,Cl1O3Ti1Yb1,False
35739,Cl1O4P1Sn2,True
35740,Cl1O4Pb1Re1,False
35751,Cl1O6,False
35754,Cl1O6Sb4,False
35756,Cl1O8Pr3Si2,True
35759,Cl1O8Se2Sn3Y1,False
35761,Cl1O8Se2Ti3Y1,False
35764,Cl1O8Se2W3,False
35769,Cl1O8Zn1,False
35782,Cl1Re1Se1,True
35794,Cl1Se2Tl5,True
35799,Cl1Th1,False
35807,Cl20Cs3Mn1Zr7,True
35815,Cl24Na3Sm7,True
35818,Cl24P3Sn2,False
35822,Cl26Ga7Sb7Te8,True
35823,Cl26H6O4S1Te6,False
35825,Cl29Cs11Tl6,True
35838,Cl2Co1N4O3,False
35841,Cl2Co1O2,False
35842,Cl2Co1O2Sr2,False
35847,Cl2Co2O4Sr3,False
35850,Cl2Co3O10Se4,True
35851,Cl2Co4O9Se3,True
35859,Cl2Cr1N4O3,False
35860,Cl2Cr1O2,False
35863,Cl2Cr2Hg1N2O7,False
35864,Cl2Cr3F6K2,True
35873,Cl2Cs1O3Se1Y1,True
35879,Cl2Cu1H10Mn1O10Se2,False
35888,Cl2Cu1La2Nb4O14,False
35901,Cl2Cu2O5Te2,False
35904,Cl2Cu2O6Se2Sr1,False
35905,Cl2Cu2O6Sr1Te2,False
35910,Cl2Cu3O6Zn1,False
35917,Cl2Er1,False
35927,Cl2F1Tb1,False
35946,Cl2Ga2O5Sr3,True
35954,Cl2H12Mg1O6,False
35956,Cl2H12N4O8Zn1,False
35957,Cl2H12N6O6Pt1,False
35963,Cl2H13N5O2Ru1,False
35964,Cl2H13O7Sc1,True
35966,Cl2H16Ni1O16,False
35979,Cl2H2O1Sr1,False
35983,Cl2H4Mn1O2,False
36002,Cl2H8O12Sr1,False
36008,Cl2Hg1O6,True
36015,Cl2Hg3Te2,True
36020,Cl2I1K1,True
36021,Cl2I1K1O1,False
36026,Cl2K1Na1,False
36028,Cl2K1Rb1,False
36042,Cl2Mn1,True
36047,Cl2Mo1,True
36053,Cl2N1Sc2,True
36057,Cl2N2Pt1,False
36058,Cl2N2S1Se1Te1,False
36059,Cl2N2S1Se2,False
36065,Cl2N4O1Pd1,False
36067,Cl2N4O2Ru1S1,False
36076,Cl2Nd4O1S4,False
36079,Cl2Ni1O2,False
36083,Cl2Ni1O8,True
36086,Cl2Ni5O12Se4,False
36088,Cl2Ni7O18Te6,True
36090,Cl2O11Pu2Te4,False
36096,Cl2O15Sb8,False
36097,Cl2O15U1,False
36100,Cl2O1Pd2,False
36101,Cl2O1Rb4,False
36103,Cl2O1S1,True
36117,Cl2O3Si1Sr2,False
36119,Cl2O3Te1Zn2,True
36121,Cl2O4Pb1,False
36128,Cl2O6Pb2Pd1Se2,True
36135,Cl2O7Pb1,False
36147,Cl2Pb1,True
36150,Cl2Pd1Se8,True
36159,Cl2S1Tl2,False
36180,Cl32Nd14O1,False
36188,Cl3Co1K1,False
36191,Cl3Co1Tl1,True
36195,Cl3Cr1H12O6,True
36198,Cl3Cr1N5,False
36205,Cl3Cs1Fe1H4O2,True
36210,Cl3Cs1Hg1,True
36215,Cl3Cs1Mn1O2,False
36220,Cl3Cs1Sc1,False
36223,Cl3Cs1Sr1,True
36229,Cl3Cs2Li1,False
36234,Cl3Cu1K2,True
36236,Cl3Cu1N6O12,False
36238,Cl3Cu1O2,False
36242,Cl3Cu1Tl1,False
36251,Cl3Er1O6,False
36255,Cl3Eu3Li1O4Si1,True
36258,Cl3F18Fe1O9S3Te3,False
36261,Cl3F2Rb2Sb1,True
36262,Cl3F2Sb1,True
36264,Cl3Fe1,True
36266,Cl3Fe1K1,False
36275,Cl3Ga1H15N5,True
36281,Cl3Gd2N1,True
36292,Cl3H12O6Y1,True
36301,Cl3H6In1O3,True
36304,Cl3H6N2Sc1,True
36305,Cl3H6N3O1Ru1,False
36308,Cl3H9In1N3,True
36309,Cl3Hf3N3Na1,False
36314,Cl3Hg1Na1O2,False
36316,Cl3Hg2K1O3S1,False
36319,Cl3Ho1O12,True
36321,Cl3I1N1V1,False
36322,Cl3In1,True
36330,Cl3Ir1N4O1,False
36331,Cl3Ir1O7S2,False
36336,Cl3K1Mn1O2,False
36348,Cl3K2Na1,False
36353,Cl3La1O9,False
36354,Cl3La2N1,True
36355,Cl3La2O4Ta1,False
36373,Cl3Mg1N1O6,False
36381,Cl3Mn8O10,True
36383,Cl3Mo1N1,True
36386,Cl3Mo1O23Pr5Te7,True
36388,Cl3N1,True
36392,Cl3N1Pr2,True
36394,Cl3N1Se2,False
36397,Cl3N27O14Pr16Si16,False
36398,Cl3N36P18Zn8,False
36404,Cl3N5Os1,False
36406,Cl3N6O2Ru1,False
36409,Cl3Na21O40S10Zn1,False
36411,Cl3Na2O12Te4Y3,True
36422,Cl3Nd3O6W1,True
36426,Cl3Ni1Rb1,True
36427,Cl3Ni1Tl1,True
36432,Cl3O12Sm1,True
36434,Cl3O12Tm1,True
36435,Cl3O12Y1,True
36441,Cl3O1W1,False
36444,Cl3O2Re1,True
36454,Cl3O6Sm3W1,True
36459,Cl3Pb10S24Sb10,False
36462,Cl3Pd1Rb1,False
36463,Cl3Pm1,True
36471,Cl3Rb1Ti1,True
36484,Cl3Sm1,True
36486,Cl3Ta1,False
36491,Cl3Tl1,True
36493,Cl3Tl2,True
36513,Cl4Co1Na2,True
36528,Cl4Cs1H18N6O8Ru1,False
36535,Cl4Cs1O3U1,False
36545,Cl4Cs2O2U1,True
36546,Cl4Cs2Pd1,True
36551,Cl4Cs3Li1,False
36557,Cl4Cu1H2K2,False
36567,Cl4Cu1O2Rb2,False
36571,Cl4Cu4O12Te5,False
36572,Cl4Cu4S4W1,False
36596,Cl4Ga1K1,True
36601,Cl4Ga1Rb1,True
36607,Cl4Gd1Li1,False
36621,Cl4H18N6O8Rb1Ru1,False
36623,Cl4H1Hg1K2,False
36624,Cl4H1I1O4,False
36630,Cl4H3Na2Zn1,False
36648,Cl4Hg3S2Zn1,False
36649,Cl4Hg3Te1,True
36652,Cl4I1K1,True
36659,Cl4K12Mo4O5S11,False
36673,Cl4La1N1O4,False
36674,Cl4La1O4Rb1,False
36676,Cl4Li2Mg1,False
36680,Cl4Lu1Na1,True
36684,Cl4Mn1Na2,False
36685,Cl4Mn1O2Rb2,False
36690,Cl4Mo1O1Te2,False
36692,Cl4Mo3O9,False
36700,Cl4N2Pd1,False
36704,Cl4N3O2P1S2,False
36715,Cl4Na2Pd1,True
36719,Cl4Nb1,True
36730,Cl4O1Rb6,True
36737,Cl4O2Re1,False
36744,Cl4O4Rb2U1,False
36750,Cl4O8Re2S1,True
36752,Cl4Os1,True
36753,Cl4Os1S3Se1,True
36756,Cl4Pb1,True
36757,Cl4Pd1Rb2,True
36764,Cl4Re1Se1Te1,True
36765,Cl4Re1Te2,True
36772,Cl4Se1,True
36776,Cl4Ta1,False
36777,Cl4Tc1,True
36786,Cl5Co1Cs3,True
36788,Cl5Co1H15N5Pd1,False
36794,Cl5Co1Tl3,True
36803,Cl5Cr1H2O1Rb2,True
36806,Cl5Cr1O1Rb2,False
36813,Cl5Cs2Gd1,True
36824,Cl5Cs2Tl1,True
36825,Cl5Cs2Tm1,True
36831,Cl5Cs3Mn1,True
36832,Cl5Cs3Ni1,False
36834,Cl5Cs3Zn1,True
36847,Cl5F4Sb2,True
36852,Cl5Fe1K2O1,False
36860,Cl5Fe1Tl3,False
36863,Cl5Gd1In2,True
36867,Cl5Gd3O6Si2,True
36869,Cl5H11N3V1,False
36871,Cl5H12N3Zn1,True
36872,Cl5H1K2Ru1,False
36876,Cl5H2Mo1N2O1,False
36879,Cl5H3Ir1K2N1,True
36896,Cl5K1Sn2,True
36899,Cl5K2Mo1O1,True
36905,Cl5K2O1Tc1,False
36910,Cl5K2Sb1,True
36913,Cl5K2U1,True
36915,Cl5K4Na1,False
36923,Cl5Mo1,True
36924,Cl5Mo1N2O1,False
36930,Cl5N1O3Rb2Ru1,False
36933,Cl5N1S1W1,False
36938,Cl5N2Sb1,False
36939,Cl5N2Ta1,False
36949,Cl5N5Na1Ti5,False
36951,Cl5N5S4Ti1,False
36955,Cl5Nb1P2S2,True
36966,Cl5O1Te7W1,False
36967,Cl5O2P1U1,False
36970,Cl5O4Pr3Ti1,False
36976,Cl5P2S2Ta1,True
36982,Cl5Pa1,True
36983,Cl5Pb1Rb3,False
36995,Cl5Re1,True
36999,Cl5S2Se1W1,False
37001,Cl5Sr2Tl1,False
37002,Cl5Ta1,True
37006,Cl5W1,False
37008,Cl6Co1,False
37009,Cl6Co1Fe1H18N6,True
37015,Cl6Cr1Na3,True
37030,Cl6Cs1Rb2Sc1,False
37036,Cl6Cs1W1,True
37040,Cl6Cs2Cu1Ga1,False
37048,Cl6Cs2Cu1Ta1,False
37058,Cl6Cs2Er1Li1,True
37063,Cl6Cs2Eu1Na1,True
37064,Cl6Cs2Eu1Rb1,True
37066,Cl6Cs2F1S1,False
37071,Cl6Cs2Ga1Rb1,False
37080,Cl6Cs2Hg1Pd1,False
37083,Cl6Cs2Hg1Tl1,False
37084,Cl6Cs2Hg1Y1,False
37091,Cl6Cs2In1Sb1,False
37092,Cl6Cs2In1Sc1,False
37096,Cl6Cs2K1La1,False
37098,Cl6Cs2K1Mo1,False
37100,Cl6Cs2K1Pr1,False
37108,Cl6Cs2K1Y1,True
37113,Cl6Cs2Li1Lu1,True
37114,Cl6Cs2Li1Mo1,False
37117,Cl6Cs2Li1Sb1,False
37119,Cl6Cs2Li1Sm1,True
37121,Cl6Cs2Li1Tb1,True
37124,Cl6Cs2Li1Y1,True
37126,Cl6Cs2Lu1Rb1,True
37135,Cl6Cs2Na1Ta1,False
37137,Cl6Cs2Na1Tl1,True
37139,Cl6Cs2Na1U1,False
37146,Cl6Cs2Pt1,True
37147,Cl6Cs2Pu1,True
37149,Cl6Cs2Rb1Sc1,False
37150,Cl6Cs2Rb1Sm1,True
37152,Cl6Cs2Rb1Tl1,False
37155,Cl6Cs2Re1,True
37156,Cl6Cs2Sb1,True
37158,Cl6Cs2Sc1Tl1,False
37163,Cl6Cs2Te1,True
37164,Cl6Cs2Th1,True
37171,Cl6Cs3Dy1,False
37172,Cl6Cs3Er1,True
37175,Cl6Cs3H8O4V1,True
37177,Cl6Cs3In1,False
37188,Cl6Cs3Tl1,False
37190,Cl6Cs3Y1,False
37198,Cl6Cu1Er1Rb2,False
37212,Cl6Cu1K2Sc1,False
37215,Cl6Cu1K2Tl1,False
37217,Cl6Cu1K2Y1,False
37222,Cl6Cu1Lu1Na2,False
37225,Cl6Cu1Na2Nd1,False
37229,Cl6Cu1Na2Sm1,False
37239,Cl6Cu1Rb2Tb1,False
37247,Cl6Dy1K2Li1,False
37250,Cl6Dy1K3,False
37252,Cl6Dy1Li1Rb2,False
37269,Cl6Eu1K2Na1,False
37272,Cl6Eu1Li1Rb2,False
37276,Cl6Eu4O1,True
37280,Cl6Fe1,False
37281,Cl6Fe1H12O6Pt1,True
37290,Cl6Ga1Hg1Rb2,False
37291,Cl6Ga1In1K2,False
37294,Cl6Ga1K2Na1,False
37295,Cl6Ga1K2Rb1,False
37298,Cl6Ga1N1Se2,False
37300,Cl6Ga1Na3,False
37301,Cl6Ga1O2Re1,True
37311,Cl6Gd1Li1Rb2,False
37320,Cl6H22O10Sn1,True
37323,Cl6H24Na3O12Tl1,False
37324,Cl6H4N1Sb1,True
37329,Cl6H8N2Pt1,True
37332,Cl6Hf1Hg3Se2,True
37340,Cl6Hf6N6Na1,False
37351,Cl6Hg3N2,False
37352,Cl6Hg3S2Zr1,True
37353,Cl6Hg3Se2Zr1,True
37359,Cl6Ho1Li1Rb2,False
37361,Cl6Ho1Rb3,True
37362,Cl6I1Nb3,True
37363,Cl6I1P1,True
37366,Cl6In1K1Rb2,True
37369,Cl6In1K2Rb1,False
37389,Cl6Ir1N5O3,False
37390,Cl6Ir1O1Rb3,False
37394,Cl6K1Nb1,True
37400,Cl6K1Rb2Tm1,False
37401,Cl6K1Sb1,True
37410,Cl6K2Li1Sc1,True
37414,Cl6K2Li1Tl1,False
37423,Cl6K2Na1Nd1,False
37428,Cl6K2Na1Ta1,False
37438,Cl6K2Pr1Rb1,False
37441,Cl6K2Rb1Sb1,False
37444,Cl6K2Rb1Tb1,False
37480,Cl6La1O2Rb3,False
37481,Cl6La1Rb3,False
37482,Cl6La3O4Ta1,True
37490,Cl6Li1Na2Sm1,False
37491,Cl6Li1Na2Tb1,False
37492,Cl6Li1Na2Tl1,False
37493,Cl6Li1Na2Tm1,False
37498,Cl6Li1Rb2Ru1,True
37500,Cl6Li1Rb2Sc1,True
37506,Cl6Li1Rb2V1,True
37507,Cl6Li1Rb2Y1,False
37508,Cl6Li1Rb2Yb1,False
37510,Cl6Li1W1,False
37518,Cl6Mg1,False
37519,Cl6Mg1O6Te1,False
37529,Cl6Mo1Na3,True
37542,Cl6N2O2V1,False
37546,Cl6N2Pt1,False
37560,Cl6N4S4Zr1,False
37563,Cl6Na1Nd1Rb2,False
37573,Cl6Na1Rb2V1,True
37575,Cl6Na1Sb1,True
37578,Cl6Na1U2,False
37583,Cl6Na3Sb1,False
37586,Cl6Na3Tb1,False
37595,Cl6Nb3O8,False
37602,Cl6O10Pb13,True
37603,Cl6O1S1Ti1,False
37607,Cl6O1S8Ti4,True
37612,Cl6O2Pr1Rb3,False
37613,Cl6O2Pt1,False
37622,Cl6Pb2Pd1,False
37629,Cl6Pt1Tl2,True
37631,Cl6Rb1Sb1,True
37635,Cl6Rb2Sc1Tl1,True
37637,Cl6Rb2Sn1,True
37639,Cl6Rb2Te1,True
37654,Cl6Re1Se4,True
37665,Cl6Te4W1,False
37666,Cl6Te6Zr1,False
37681,Cl7Cs1W3,True
37685,Cl7Cs3Re6S7,True
37698,Cl7F3Sb2,False
37702,Cl7Ga2In1,True
37708,Cl7Gd2K1,True
37711,Cl7H8K4Np3O10,True
37713,Cl7Ho2K1,True
37721,Cl7K1Sm2,True
37722,Cl7K1Tb2,True
37723,Cl7K1Y2,True
37725,Cl7K3Mg2,False
37737,Cl7N1P1Ta1,False
37738,Cl7N2Nb3O5,False
37746,Cl7Nb3O2Ti1,True
37748,Cl7Nb3Se5,False
37754,Cl7O1Sb1Se1,True
37759,Cl7Rb1Sm2,True
37763,Cl7Re3Se7,True
37792,Cl8Hg3N1O2Rb1,False
37794,Cl8I1P1,True
37812,Cl8Mo2Rb3,False
37813,Cl8N11Ni2,False
37820,Cl8N1W2,True
37823,Cl8Na2Ti3,False
37824,Cl8Nb1O1P1,True
37836,Cl8O9Re4,False
37838,Cl8Pt1S2,True
37842,Cl9Cr2Cs3,True
37854,Cl9Cs3W2,False
37856,Cl9Cs5Nb2S4,True
37858,Cl9Cu1Nb3Tl1,False
37861,Cl9Ga1N3P3,False
37864,Cl9In1Li1Nb3,False
37869,Cl9Ir1Sc5,True
37873,Cl9K2Ta3,True
37880,Cl9Mo2Rb3,True
37884,Cl9N3S4Te2,False
37894,Cl9Os1Sc5,True
37896,Cl9P1Se1,True
37900,Cl9P1V1,True
37918,Co10La1Nd1,False
37931,Co11F24Li6O2,False
37938,Co12Er2Ni5,False
37943,Co12H4Na4O37P8,False
37948,Co12Lu2P7,True
37951,Co12Nd2P7,True
37954,Co12P7Pr2,True
37955,Co12P7Sc2,True
37957,Co12P7Tb2,True
37959,Co12P7Tm2,True
37964,Co13Er1Mn4Pr1,False
37967,Co13Fe4Nd2,False
37969,Co13In1La6,False
37977,Co13Li3O16,False
37979,Co13Li8Mg1O28,False
37989,Co15Cr2Pr2,False
37994,Co15Ge2U2,False
37995,Co15Li13O28,False
37996,Co15Li1O16,False
38009,Co16In1Sb48,False
38011,Co16La2V1,False
38016,Co16Si7Ti6,True
38026,Co17H3Y2,False
38031,Co17N2Sm2,False
38042,Co17Tb2,True
38048,Co19Er5P12,True
38054,Co19P12Tb5,False
38064,Co1Cr1F7Na2,False
38069,Co1Cr1In1S4,False
38070,Co1Cr1La1Mg1O6,False
38073,Co1Cr1Li2O4,False
38080,Co1Cr1O4,False
38081,Co1Cr1O8P2,False
38085,Co1Cr1Ta1,True
38090,Co1Cr2,False
38096,Co1Cr2Ni3O24P6,False
38097,Co1Cr2O24P6Ti3,False
38106,Co1Cr3Li3O8,False
38114,Co1Cr3O24P6Te2,False
38116,Co1Cr4Fe1S8,False
38121,Co1Cr8Cu3Se16,False
38123,Co1Cs1Cu1S2,False
38124,Co1Cs1F3,False
38131,Co1Cs1F6V1,True
38136,Co1Cs1Mg6,False
38147,Co1Cs2H12O14S2,True
38149,Co1Cs2N4O12,True
38152,Co1Cs2O3,True
38155,Co1Cs2Se2,False
38157,Co1Cs3I4N1O3,False
38161,Co1Cu1F6Rb1,True
38167,Co1Cu1Li2O8P2,False
38172,Co1Cu1O12V4,False
38178,Co1Cu1Rb1S2,False
38179,Co1Cu1S4,False
38180,Co1Cu1S4Ti1,False
38183,Co1Cu1Tm2,False
38187,Co1Cu2Ge1Se4,False
38189,Co1Cu2Li4O24P6V3,False
38190,Co1Cu2Mn3O24P6,False
38197,Co1Cu2S4Si1,False
38210,Co1Cu4Mn1S8Sn2,False
38234,Co1Dy5Sb2,True
38248,Co1Er1Si2,True
38257,Co1Er3Si3,True
38264,Co1Er8In3,True
38281,Co1F1H6O6P1,False
38285,Co1F1Li1O4S1,False
38298,Co1F2Li1,False
38303,Co1F2Li7O4,False
38308,Co1F3Li1,False
38312,Co1F3N1,False
38319,Co1F4Li1,True
38322,Co1F4Rb2,False
38325,Co1F5Li4O1,False
38326,Co1F5Li5O1,False
38329,Co1F5Y1,False
38337,Co1F6K2Li1,False
38338,Co1F6K3,False
38339,Co1F6Li1Mg1,True
38340,Co1F6Li1Ni1,False
38356,Co1F6Zr1,False
38358,Co1F7Li7O1,False
38364,Co1Fe1Ga1Ti1,True
38367,Co1Fe1Gd1O6Sr1,False
38372,Co1Fe1Ho1,True
38376,Co1Fe1La1O6Sr1,True
38378,Co1Fe1La2O6,False
38381,Co1Fe1Li1O4,False
38382,Co1Fe1Li2O4,False
38390,Co1Fe1O12Ta4,False
38393,Co1Fe1O4,False
38396,Co1Fe1O6Pr1Sr1,True
38398,Co1Fe1O8P2,False
38403,Co1Fe1S4,False
38405,Co1Fe1Sb1Ti1,False
38414,Co1Fe1Sn2,False
38419,Co1Fe1Y1,True
38424,Co1Fe2Li2O6,False
38425,Co1Fe2Li3O6,False
38427,Co1Fe2Mn3O24P6,False
38432,Co1Fe2O4,True
38446,Co1Fe3Nd2Si4,False
38452,Co1Fe4La3O15Sr2,False
38458,Co1Fe4O8Zn1,False
38471,Co1Fe9Li8O20,False
38473,Co1Ga1,True
38475,Co1Ga12U4,False
38479,Co1Ga1La2O6,False
38483,Co1Ga1Mn2,False
38487,Co1Ga1O4Yb1,False
38490,Co1Ga1S7Tb3,False
38493,Co1Ga1Ti2,False
38494,Co1Ga1U1,True
38500,Co1Ga2Ir1,False
38501,Co1Ga2Li1,False
38503,Co1Ga2Mn3V2,False
38506,Co1Ga2O2S2,False
38523,Co1Ga3Zr2,False
38527,Co1Ga5Hf1,True
38538,Co1Ga5U1,True
38539,Co1Ga5Y1,True
38546,Co1Ga8Sc2,False
38552,Co1Gd1Si1,True
38553,Co1Gd1Si3,True
38556,Co1Gd2O14S2Te2,True
38557,Co1Gd2Si2,False
38568,Co1Ge1Na2O4,True
38572,Co1Ge1Pr1,True
38577,Co1Ge1Te1,True
38581,Co1Ge1U1,True
38585,Co1Ge2,True
38586,Co1Ge2Ho1,True
38601,Co1Ge2Pr3,True
38619,Co1Ge3Pr1,True
38629,Co1H12K2O14S2,True
38638,Co1H12O14Se2Tl2,False
38639,Co1H12O9P1,False
38646,Co1H16N2O16P4,True
38651,Co1H19N5O11S3,False
38659,Co1H1O5P1,False
38661,Co1H20N2O14S2,False
38675,Co1H3,False
38676,Co1H32Ni1O20P4,False
38679,Co1H3O5P1,False
38685,Co1H4O5Se1,False
38692,Co1H6N1O5P1,False
38702,Co1H8O10V2,False
38717,Co1Hf1Sn1,True
38721,Co1Hf2Os1,True
38722,Co1Hf2P1,True
38729,Co1Hf6Sb2,True
38731,Co1Hf9Re4,True
38739,Co1Ho1Ru1,True
38742,Co1Ho1Sn1,True
38745,Co1Ho2O14S2Te2,True
38746,Co1Ho2O6Pt1,False
38747,Co1Ho2Os1,False
38754,Co1Ho6Te2,True
38756,Co1I10Y6,True
38767,Co1I4K2,True
38788,Co1In5Pr1,False
38791,Co1In5Y1,False
38800,Co1Ir1Pm2,True
38802,Co1Ir1Ti2,True
38811,Co1K1N6O8,False
38812,Co1K1O2,True
38818,Co1K2Li3O4,True
38822,Co1K2O12P4,False
38828,Co1K2O7V2,True
38833,Co1K3O2,True
38834,Co1K4Mo3O12,True
38851,Co1La1O6Sr1Ta1,False
38861,Co1La2Mg1O6,False
38875,Co1La3S7Si1,False
38877,Co1La4Li1O8,False
38883,Co1La5O16Re3,False
38893,Co1Li1Mn2O6,False
38899,Co1Li1O15P5,False
38900,Co1Li1O2,True
38905,Co1Li1O4Ti1,False
38931,Co1Li2O15P5,False
38935,Co1Li2O24P6Ti3,False
38936,Co1Li2O3,False
38942,Co1Li2O6Si2,False
38943,Co1Li2O6Ti2,False
38944,Co1Li2O6V2,False
38949,Co1Li2O8Si3,False
38951,Co1Li2O8V3,False
38965,Co1Li3Ni4O8,False
38973,Co1Li3O8P2,False
38974,Co1Li3O8V3,False
38975,Co1Li4Mn3O16P4,False
38977,Co1Li4Mn4O18Ti4,False
38979,Co1Li4Mn5O24P6,False
38988,Co1Li4O3,False
38999,Co1Li5Ni9O20,False
39007,Co1Li6O8Si2,False
39021,Co1Mg14O16Y1,False
39031,Co1Mg1O12P4,True
39033,Co1Mg1O3,False
39034,Co1Mg1O4Si1,False
39045,Co1Mg1Tb4,True
39049,Co1Mg2N2,False
39050,Co1Mg2Nb2O8,False
39051,Co1Mg2O4,False
39052,Co1Mg2O6Sb1,False
39055,Co1Mg2O8V2,False
39065,Co1Mg30O32Ti1,False
39068,Co1Mg30O32Zn1,False
39087,Co1Mn1Rh1Sn1,False
39089,Co1Mn1Sb1,True
39090,Co1Mn1Se1,False
39091,Co1Mn1Se2,False
39096,Co1Mn1Te1,False
39100,Co1Mn2Ni1Sb2,False
39111,Co1Mn3Ni2O24P6,False
39115,Co1Mn3O8,False
39121,Co1Mn7O48P12,False
39130,Co1Mo1P2,True
39132,Co1Mo1Te1,False
39138,Co1Mo3,False
39140,Co1Mo3O18,False
39141,Co1Mo3Zr2,False
39147,Co1N1,True
39151,Co1N1Rb1,False
39152,Co1N2O10,False
39153,Co1N2O12,False
39155,Co1N2O6,True
39169,Co1N8Na1O12,False
39171,Co1Na1Nd1O6W1,True
39176,Co1Na2O10Si4,True
39191,Co1Na6O4,False
39197,Co1Nb1O6Pb2,False
39198,Co1Nb1O6Sr2,False
39200,Co1Nb1O8Sr4,False
39201,Co1Nb1P1,True
39202,Co1Nb1Sb1,False
39213,Co1Nb3O24P6,False
39224,Co1Nd1O6Ru1Sr1,False
39231,Co1Nd2Ni1O6,False
39236,Co1Nd2Si3,False
39244,Co1Ni1O2,False
39247,Co1Ni1O8P2,False
39258,Co1Ni1Sb6,False
39269,Co1Ni1Te4,True
39279,Co1Ni2O24P6V3,False
39280,Co1Ni2O4,False
39284,Co1Ni2Se4,False
39287,Co1Ni3,False
39291,Co1Ni5Y2,False
39294,Co1O10P2Ti2,True
39303,Co1O12Ti1V4,False
39307,Co1O14S2Sm2Te2,True
39314,Co1O16P4V3,False
39321,Co1O24P6Sn2Ti3,False
39324,Co1O24P6Ti4,False
39336,Co1O3Rb2,True
39346,Co1O3Sr2,False
39351,Co1O3Tm1,False
39352,Co1O3V1,False
39353,Co1O3Y1,False
39359,Co1O4P2,False
39368,Co1O4Sm1Sr1,False
39371,Co1O4Te1,True
39375,Co1O4W1,True
39379,Co1O5Si1Zn1,False
39382,Co1O5Zn4,False
39388,Co1O6Pb2W1,False
39392,Co1O6Pt1Tb2,False
39404,Co1O6Si2Zn1,False
39405,Co1O6Sr2Ta1,False
39429,Co1O7Ta2Zn1,False
39430,Co1O7Te2,False
39434,Co1O7W2,False
39436,Co1O8P2Sn1,False
39446,Co1O8Se2,False
39453,Co1O9P3,True
39469,Co1P1Ti1,True
39471,Co1P1W1,True
39474,Co1P1Zr4,False
39487,Co1Pr1Si1,True
39488,Co1Pr2Si3,False
39489,Co1Pr3,True
39490,Co1Pr4,False
39494,Co1Pt1Sc2,False
39495,Co1Pt3,True
39500,Co1Rb3,False
39502,Co1Re1Ti2,True
39511,Co1Rh2Sn1,False
39514,Co1Ru1S4,False
39515,Co1Ru1Sc2,True
39517,Co1Ru3Y2,False
39523,Co1S3Se2U2,False
39524,Co1S3U1,False
39532,Co1S8Ti4,False
39533,Co1Sb1,True
39549,Co1Sc2,False
39550,Co1Sc2Si2,True
39559,Co1Se4Si2,False
39562,Co1Se5Zn4,False
39568,Co1Si1Th1,True
39573,Co1Si1W1,False
39575,Co1Si2,True
39577,Co1Si2Tb1,True
39579,Co1Si2Th1,True
39582,Co1Si2Y1,False
39595,Co1Sn1Ti1,False
39596,Co1Sn1U1,False
39602,Co1Sn2Tb1,False
39614,Co1Tb6Te2,True
39615,Co1Tc1,False
39624,Co1Ti2,True
39626,Co1U1,True
39632,Co1W3,False
39644,Co20La1P60,False
39665,Co2Cr1Li3O6,False
39666,Co2Cr1Li4Mn3O24P6,False
39667,Co2Cr1Li4Ni3O24P6,False
39676,Co2Cr3In1S8,False
39678,Co2Cr3Li10Ni3O16,False
39682,Co2Cr3Li4O16Sb3,False
39692,Co2Cs2I17Pr10,True
39701,Co2Cu1S4,True
39703,Co2Cu2O5S2Sr3,False
39711,Co2Dy1Ge2,True
39712,Co2Dy1In1,False
39717,Co2Dy3Si3,False
39724,Co2Er3Ge4,True
39729,Co2Er6Sn1,True
39734,Co2Eu1P2,True
39749,Co2F6Li2O1,False
39750,Co2F7K3,True
39762,Co2Fe1Li4Ni3O24P6,False
39763,Co2Fe1Mn3O24P6,False
39764,Co2Fe1Mn3P3,True
39778,Co2Fe3Li4O16Ti3,False
39779,Co2Fe3Li5O10,False
39784,Co2Fe3Nb1O24P6,False
39796,Co2Fe6Mo8O45Sr16,False
39803,Co2Ga1Ni1,False
39804,Co2Ga1O7Sr2,False
39810,Co2Ga1Ta1,True
39811,Co2Ga1Tb6,True
39812,Co2Ga1Ti1,True
39814,Co2Ga1U2,False
39817,Co2Ga1Zr1,True
39818,Co2Ga7Mg3,True
39821,Co2Gd1,True
39824,Co2Gd1Si2,True
39827,Co2Gd2O7Sr1,False
39829,Co2Ge1,False
39831,Co2Ge1Mn1,True
39836,Co2Ge1Ti1,True
39845,Co2Ge2Pr1,True
39859,Co2Ge3Sc3,False
39860,Co2Ge3Se3,True
39862,Co2Ge3Te3,True
39863,Co2Ge4Ho3,False
39869,Co2H1Na1O7Se2,True
39881,Co2H4O9P2,False
39888,Co2Hf1Sn1,True
39892,Co2Hg1O4,False
39896,Co2Ho1O6Zn1,False
39898,Co2Ho2I1,True
39903,Co2Ho6Sn1,False
39913,Co2In1Sm1,False
39914,Co2In1Sm6,False
39921,Co2In1Y6,True
39927,Co2In4Tm3,True
39930,Co2K1Mo2O10,False
39938,Co2K2O12S3,False
39940,Co2K4O5,False
39944,Co2K6O7,True
39948,Co2La1Ni3,False
39952,Co2La1O6Sr1,False
39964,Co2Li10Mn3Ni3O16,False
39965,Co2Li11O8,False
39967,Co2Li1Mn2O8,False
39968,Co2Li1Ni1O6,False
39969,Co2Li1O10P3,False
39971,Co2Li1O12S3,False
39972,Co2Li1O12V3,False
39982,Co2Li2Ni1O6,False
39985,Co2Li2O6Si1,False
39995,Co2Li3Ni2O8,False
39996,Co2Li3Ni3O10,False
40007,Co2Li3O8Ti2,False
40014,Co2Li4Mn3O16Ti3,False
40018,Co2Li4Ni3O24P6Sn1,False
40027,Co2Li5Mn1O8,False
40029,Co2Li5Mn3O10,False
40031,Co2Li5Mn5O12,False
40051,Co2Mg1Ni2Y1,False
40066,Co2Mg3O14Si4,False
40067,Co2Mg3O7,False
40075,Co2Mn1Sb1,False
40078,Co2Mn1Ti1,True
40093,Co2Mo4N1,True
40098,Co2N1Nb4,True
40103,Co2N1V4,True
40108,Co2Na1O10P3,False
40109,Co2Na1O3,False
40110,Co2Na1O4,True
40114,Co2Na3O4,False
40115,Co2Na3O6Sb1,True
40125,Co2Nb1O24P6Ti3,False
40132,Co2Nd1,False
40150,Co2Ni3Th1,False
40153,Co2Np1Si2,False
40161,Co2O14P4Si1,True
40178,Co2O4Tc1,False
40179,Co2O4Ti1,False
40194,Co2O6Sb1,False
40198,Co2O7Rb6,True
40201,Co2O7Sr2Y2,False
40207,Co2O8Sr1V2,True
40214,Co2P1S3,False
40215,Co2P2Pr1,True
40234,Co2S3,False
40241,Co2Sc1Si2,True
40246,Co2Se3Sn3,True
40258,Co2Si2Y1,True
40260,Co2Si2Zr1,True
40261,Co2Si3,False
40262,Co2Si3Sm6,False
40267,Co2Sm1,True
40268,Co2Sm5,True
40273,Co2Sn1Tm1,False
40279,Co2Sn1Zr1,True
40292,Co2U1,True
40296,Co2Y3,False
40297,Co2Yb1,True
40299,Co2Zn11,True
40310,Co3Cr12Ga2S24,False
40314,Co3Cr1Li4O16P4,False
40316,Co3Cr1Li6O24P6,False
40319,Co3Cr1Zr2,False
40325,Co3Cr2Li4O16Ti3,False
40326,Co3Cr2Li5O10,False
40331,Co3Cr3Li4Nb2O16,False
40337,Co3Cr3Li4O16Ti2,False
40338,Co3Cr3Li4O16V2,False
40345,Co3Cs2N24,False
40346,Co3Cs2S4,False
40352,Co3Cu1Li3O8,False
40358,Co3Cu2Ho1,False
40360,Co3Cu2Li4O16Sb3,False
40372,Co3Dy1P2,True
40383,Co3Er2Ge5,True
40385,Co3Er4Ga16,True
40386,Co3F11Li4O1,False
40389,Co3F1O5,False
40395,Co3F5O1,False
40396,Co3F6Li1O2,False
40401,Co3F8Li4O1,False
40403,Co3Fe13,False
40411,Co3Fe1Li6O24P6,False
40419,Co3Fe1Tb2,True
40422,Co3Fe2La1O15Sr4,False
40430,Co3Fe2Li4O16Te3,False
40431,Co3Fe2Li4O16Ti3,False
40458,Co3Fe3Si2,True
40463,Co3Fe5O16,False
40473,Co3Ga1Sm3,True
40479,Co3Ga2Nd1,False
40485,Co3Ga9Lu2,True
40501,Co3Ge5Pr2,False
40502,Co3Ge5Sm2,True
40505,Co3Ge8Nd4,False
40509,Co3H18Na4O24P4,False
40513,Co3H2Y1,False
40518,Co3Hf1,False
40524,Co3Ho4,False
40532,Co3La1Ni2,False
40534,Co3La2O9Sr1,False
40548,Co3Li1O10Ti2,False
40552,Co3Li1O24P6Sb1,False
40554,Co3Li1O4,False
40556,Co3Li1O8Si2,False
40559,Co3Li2Mn3O12,False
40564,Co3Li2O24P6Ti1,False
40574,Co3Li3Ni1O8,False
40577,Co3Li3O16Ti6,False
40578,Co3Li3O8Sb1,False
40580,Co3Li3O8Ti1,False
40583,Co3Li4Mn1O8,False
40586,Co3Li4Mn2O16Sb3,False
40595,Co3Li4Mn3O16Te2,False
40597,Co3Li4Mn3O16V2,False
40600,Co3Li4Nb1O8,False
40602,Co3Li4Nb2O16Sb3,False
40606,Co3Li4Nb3O16Sn2,False
40613,Co3Li4Ni2O16Sn3,False
40618,Co3Li4Ni3O16Te2,False
40621,Co3Li4Ni3O16W2,False
40628,Co3Li4O16P4V1,False
40638,Co3Li4O16Sn3Ti2,False
40652,Co3Li4O8Ti1,False
40656,Co3Li5Nb2O10,False
40661,Co3Li5O10V2,False
40673,Co3Li7Mn3O16,False
40675,Co3Li8O24P6V1,False
40680,Co3Mg1,False
40684,Co3Mg2O8,False
40685,Co3Mg2Sn10,False
40686,Co3Mn1,False
40695,Co3Mn3O16Sb2,False
40696,Co3Mn3O16Sn2,False
40697,Co3Mn3O16Te2,False
40709,Co3N8Sr8,True
40714,Co3Na2O4,False
40715,Co3Na2O6,False
40722,Co3Nb2O9,False
40734,Co3Ni1Sn4Ti8,False
40748,Co3O12Se4,False
40754,Co3O14P4Sr1,True
40758,Co3O16P2,False
40759,Co3O16P4,False
40761,Co3O16P4Sn1,False
40764,Co3O16Sb2Ti3,False
40765,Co3O16Te2Ti3,False
40787,Co3O8V1,False
40794,Co3P1W2,False
40795,Co3P2Pr1,True
40802,Co3Pr1,False
40813,Co3Sb4Th3,True
40818,Co3Se4,False
40820,Co3Si1Ta2,True
40833,Co3Th7,True
40840,Co3Y4,False
40844,Co3Zr1,False
40845,Co40Nb13Si31,False
40847,Co4Cr10Cu1Se20,False
40848,Co4Cr1Li3O8,False
40849,Co4Cr1O8Sb1,True
40851,Co4Cu10Mn1S20Sn5,False
40859,Co4Cu3O12Y1,False
40862,Co4Dy1Ga1,False
40870,Co4Er3Ge13,False
40873,Co4F11O1,False
40882,Co4Fe1Li3O8,False
40894,Co4Ga1Y4,True
40895,Co4Ga3Ge1,False
40899,Co4Ge1,False
40905,Co4Ge13Lu3,True
40908,Co4Ge13Tm3,True
40922,Co4Ge7Zr4,True
40923,Co4H1,False
40926,Co4Ho1In1,False
40932,Co4In1Lu1,False
40933,Co4In1Tm1,False
40939,Co4La1P4Pr1,False
40940,Co4La3Sn13,True
40942,Co4Li11O32V12,False
40946,Co4Li1O8,False
40947,Co4Li21O16,False
40949,Co4Li3Mn1O8,False
40954,Co4Li3O8Sn1,False
40956,Co4Li3O8Ti1,False
40970,Co4Mg1Tb1,True
40976,Co4Mo4O19,False
40981,Co4Nb2O9,False
41010,Co4Pr3Sn13,True
41012,Co4S8Zn1,False
41014,Co4Sc5Si10,True
41019,Co4Si7Ta4,True
41024,Co4Sn13Tb3,True
41025,Co4Sn13Th3,True
41027,Co4Sn1U1,False
41029,Co4Ti1Zr1,False
41046,Co5Dy1,False
41072,Co5Gd1,False
41079,Co5H4Pr1,False
41091,Co5Li1O8,False
41092,Co5Li3O10,False
41101,Co5Li4O12Sn1,False
41102,Co5Li4O12Ti1,False
41108,Co5Li5Mn2O12,False
41110,Co5Li5Ni2O12,False
41112,Co5Li5O12Sn2,False
41124,Co5Mn1O12,False
41128,Co5Na8O14,False
41141,Co5O12Ti1,False
41155,Co5P3Tm1,True
41156,Co5P3Y1,True
41171,Co6Dy1Ga6,True
41175,Co6Er2Fe6P7,True
41179,Co6F5O7,False
41182,Co6Ge6Li1,True
41184,Co6Ge6Zr1,False
41185,Co6Ho5Sn18,False
41199,Co6Nd12Pb1,True
41203,Co6O11Sr1,True
41208,Co6Pb1Sm12,True
41210,Co6Sm12Sn1,True
41216,Co7Cr12Li9O48,False
41217,Co7Cu1La4O20Sm4,False
41224,Co7F13Li4O3,False
41226,Co7F14Li4O2,False
41234,Co7Fe3O20,False
41237,Co7Ga16Ti6,False
41239,Co7Ga21Ho6,False
41244,Co7H4O24P6,True
41245,Co7Hf2,True
41255,Co7Li8Mn1O48P12,False
41259,Co7Mo6,False
41266,Co7O12Sb2,True
41267,Co7O48Re17,False
41268,Co7Sm2,True
41273,Co7Zn53,True
41275,Co8Dy3Sn4,False
41277,Co8F12Li3O4,False
41281,Co8Fe8O43Sr12Y4,False
41292,Co8Li17O18,False
41294,Co8Li1O9,False
41301,Co8Nb3Si1,False
41302,Co8Nd3Sn4,False
41303,Co8O23Sr8,False
41305,Co8Si1Ta3,False
41315,Co9Fe1,False
41320,Co9Fe1Li8O20,False
41328,Co9La1Si4,True
41339,Co9O13,False
41341,Co9O16Ru3,False
41342,Co9O16Zn3,False
41345,Co9S8,True
41347,Co9Si2Sm1,False
41349,Co9Si2Th1,True
41358,Cr10Fe5O24,False
41362,Cr10Sb3Te7,False
41365,Cr11K3S18,True
41386,Cr13Na4Se23,False
41387,Cr13O28Sb2Si2Y4,False
41389,Cr14S20V1,False
41390,Cr15Li15O32Si1,False
41400,Cr1Cs1F6Ni1,True
41408,Cr1Cs1Mg6O8,False
41411,Cr1Cs1O7P2,True
41431,Cr1Cu1Li2O8P2,False
41433,Cr1Cu1O12V4,False
41444,Cr1Cu1S4,False
41445,Cr1Cu1S4Sn1,True
41450,Cr1Cu1Se4Sn1,False
41454,Cr1Cu1Zr1,False
41457,Cr1Cu2Gd1O8Sr2,False
41469,Cr1Cu3O16P4,False
41470,Cr1Cu3Se4Zn1,False
41471,Cr1Cu4Li3O8,False
41475,Cr1Dy1Mn1O5,False
41481,Cr1Dy2Fe1O6,True
41484,Cr1Dy4Ga12,False
41504,Cr1F1O1,False
41505,Cr1F1O4P1,False
41521,Cr1F3O1,False
41522,Cr1F3O3,False
41526,Cr1F4Li1,False
41527,Cr1F4Li2,False
41528,Cr1F4Mg1,False
41536,Cr1F5K2,True
41546,Cr1F6,True
41562,Cr1F6K3,True
41564,Cr1F6Li2,True
41565,Cr1F6Li3,True
41567,Cr1F6Mg1,True
41569,Cr1F6Mn1Na1,True
41573,Cr1F6Na1Rb2,True
41576,Cr1F6Nb1,True
41588,Cr1F7Fe1Na2,False
41589,Cr1F7Mg1Na2,True
41590,Cr1F7Mn1Na2,False
41600,Cr1Fe16Sm2,False
41601,Cr1Fe1Ga1Se4,False
41606,Cr1Fe1La2O6,True
41617,Cr1Fe1O4Zn1,False
41620,Cr1Fe1O8P2,False
41626,Cr1Fe1Sb4,False
41627,Cr1Fe1Si2,False
41632,Cr1Fe1Zr1,False
41640,Cr1Fe2O24P6Ti3,False
41642,Cr1Fe2Sb1,False
41653,Cr1Fe3Li4O8,False
41663,Cr1Fe3O24P6Ti2,False
41670,Cr1Fe4Li1O8,False
41674,Cr1Fe4Sb10,False
41675,Cr1Fe5O24P6,False
41682,Cr1Ga1Nb1,False
41689,Cr1Ga1Te1,False
41692,Cr1Ga3Li4O8,False
41694,Cr1Ga3Mn2Se8,False
41708,Cr1Ge1O5Sm1,True
41711,Cr1Ge1O6Sb1,True
41717,Cr1Ge2Li1O6,True
41730,Cr1H1,True
41744,Cr1H17N3O13P3,False
41749,Cr1H1Li1O5P1,True
41755,Cr1H1O2Sr1,False
41772,Cr1H4Li2O6,False
41777,Cr1H6O6Rb3,False
41780,Cr1H80N8O56S8Zn3,False
41781,Cr1H8Li1O13P3,False
41796,Cr1Hg3,False
41797,Cr1Hg3O4S2,False
41798,Cr1Hg3O5,False
41799,Cr1Hg3O8Pb2,True
41808,Cr1I1K1O6,True
41831,Cr1Ir1Ti2,True
41839,Cr1K1Na7O20V7,False
41840,Cr1K1Na7O24V7,False
41844,Cr1K1O6U1,True
41859,Cr1K4O4,True
41866,Cr1La1Mg1O6Ti1,False
41868,Cr1La1Mg1O6W1,False
41874,Cr1La1N3,True
41882,Cr1La1O6Sb1Zn1,False
41883,Cr1La1O6Sn1,False
41892,Cr1La1O6V1Zn1,False
41898,Cr1La2Li1O9Ti2,False
41900,Cr1La2Mo1O6,False
41916,Cr1La7O24Sm1V7,False
41918,Cr1Li1Mg30O32,False
41922,Cr1Li1Mo2O8,False
41927,Cr1Li1O11Sr1Ti4,False
41939,Cr1Li1O4Ti1,True
41957,Cr1Li24O36Ti11,False
41958,Cr1Li2Mn1O4,False
41969,Cr1Li2O12P3V2,False
41971,Cr1Li2O13P4,False
41973,Cr1Li2O15P5,False
41978,Cr1Li2O3,False
41993,Cr1Li2O8S2,False
42001,Cr1Li3Mn2O6,False
42002,Cr1Li3Mn3O8,False
42004,Cr1Li3Nb2O6,False
42019,Cr1Li3O8V3,False
42027,Cr1Li4Mn3O24P6V2,False
42028,Cr1Li4Mn3O8,False
42051,Cr1Li4O8Ti3,False
42057,Cr1Li5Mn3O16P4,False
42075,Cr1Li8Mn3O24P6,False
42083,Cr1Mg1,False
42087,Cr1Mg1Ni1O9P2,False
42091,Cr1Mg1O2,False
42099,Cr1Mg1O8P2Sr1,False
42100,Cr1Mg2N2,False
42101,Cr1Mg2N3,True
42106,Cr1Mg2O8Ta2,False
42108,Cr1Mg30Mn1O32,False
42110,Cr1Mg30Nb1O32,False
42112,Cr1Mg30O32Rb1,False
42116,Cr1Mg30O32Ti1,False
42130,Cr1Mn1O6Sr2,False
42132,Cr1Mn1O6Y2,False
42133,Cr1Mn1O8P2,False
42139,Cr1Mn1Sb2,False
42142,Cr1Mn1Te2,False
42145,Cr1Mn1Zr1,False
42161,Cr1Mn3O8,False
42166,Cr1Mn5O24P6,False
42167,Cr1Mn5O8,False
42168,Cr1Mn7O16,False
42172,Cr1Mo1O7V1,False
42182,Cr1N1O5Ta2,False
42183,Cr1N1O8S2,False
42184,Cr1N2,False
42187,Cr1N2O4,False
42189,Cr1N2Ti1,False
42213,Cr1Na3,False
42220,Cr1Nb1Ni1,False
42225,Cr1Nb1S5,True
42230,Cr1Nb2O24P6Ti3,False
42235,Cr1Nb2Se4,False
42247,Cr1Nd1O5Ti1,False
42255,Cr1Ni1O12V4,False
42264,Cr1Ni1S10Ta5,False
42276,Cr1Ni3Sb4,False
42281,Cr1O10Si4Sr1,True
42283,Cr1O10Ti1V2,False
42301,Cr1O20S2Tl1,False
42309,Cr1O24P6Ti3,False
42310,Cr1O24P6Ti3V2,True
42313,Cr1O24P6V5,False
42314,Cr1O24P6W3,True
42322,Cr1O3Pb1,False
42324,Cr1O3Pu1,False
42327,Cr1O3S1Sr2,False
42330,Cr1O3Sr1,False
42342,Cr1O4P1,True
42345,Cr1O4Rb2,True
42356,Cr1O4Ti1,False
42364,Cr1O4Yb1,True
42373,Cr1O5Yb1,False
42379,Cr1O6Sb1Sn1,True
42399,Cr1O6W1Zn2,False
42410,Cr1O8P2Sb1,False
42413,Cr1O8P2Sr1Zn1,False
42421,Cr1O8Ta2Zn2,False
42425,Cr1O9P3,True
42426,Cr1O9S1,False
42429,Cr1P1,True
42432,Cr1P1Se3,False
42434,Cr1P1Ti1,True
42444,Cr1Pb2,False
42452,Cr1Pr3,False
42465,Cr1Rh2Sr1,False
42470,Cr1Ru1V2,True
42471,Cr1Ru2Si1,True
42472,Cr1Ru2Sn1,False
42475,Cr1S16Tl2V9,False
42478,Cr1S2Ti1,False
42480,Cr1S3Sb1,True
42481,Cr1S3Sm1,False
42482,Cr1S3Th1,False
42483,Cr1S3U1,False
42490,Cr1S6Tm3,False
42494,Cr1S7Y4,False
42499,Cr1Sb3Sm1,False
42503,Cr1Sb5Ti10,True
42506,Cr1Se17U8,True
42508,Cr1Se2Tl1,False
42515,Cr1Se6Sm3,False
42520,Cr1Se8Ta4,False
42522,Cr1Si1Te3,True
42524,Cr1Si1W1,False
42525,Cr1Si2,True
42532,Cr1Sn2,False
42541,Cr1Te4Ti2,False
42542,Cr1Te4V2,False
42546,Cr1Ti4,False
42547,Cr1Tl3,False
42560,Cr23Fe3Ga26,False
42565,Cr2Cu1K2O14P2,False
42566,Cr2Cu1Li3O6,False
42570,Cr2Cu1O24P6V3,False
42571,Cr2Cu1O4,False
42572,Cr2Cu1S2Se2,False
42576,Cr2Cu2O5S2Sr3,False
42582,Cr2Cu5O18P4,False
42589,Cr2F12Mg1,False
42599,Cr2F5,False
42600,Cr2F9K1Pb1,True
42601,Cr2Fe1,False
42609,Cr2Fe1Li3O6,False
42617,Cr2Fe1O24P6V3,False
42621,Cr2Fe1S3Se1,False
42627,Cr2Fe2La3O12Sm1,False
42628,Cr2Fe2Li3O8,False
42634,Cr2Fe3Li4Nb3O16,False
42638,Cr2Fe3Li4O16Ti3,False
42641,Cr2Fe3Li5O24P6,False
42654,Cr2Fe5Li4O12,False
42656,Cr2Fe6La7O20Sm1,False
42659,Cr2Ga1O7Sr2,False
42661,Cr2Ga1S4,False
42666,Cr2Ga6Zr3,False
42670,Cr2Ge2Th1,False
42671,Cr2Ge3Li3O12,False
42674,Cr2Ge3O12Zn3,False
42675,Cr2H1Li3O14P4,False
42680,Cr2H27Li9O21,False
42684,Cr2H2Na2O7,False
42685,Cr2H3Li2O16P4,False
42690,Cr2H4Li2O9,False
42695,Cr2Hg1O7,False
42696,Cr2Hg1S1Se3,False
42697,Cr2Hg1S4,True
42699,Cr2Hg2O9,False
42700,Cr2Hg6O9,False
42701,Cr2Ho1Mg1O6,False
42704,Cr2Ho1Si2,False
42711,Cr2K1Mn2O10,False
42714,Cr2K1O8Tb1,True
42726,Cr2La1O6Sm1,False
42733,Cr2Li10Mn3Ni3O16,False
42736,Cr2Li15O12,False
42738,Cr2Li1Mn1O6,False
42739,Cr2Li1Mn2O8,False
42740,Cr2Li1Mo3O12,False
42745,Cr2Li1O12S3,False
42747,Cr2Li1O16P5,False
42755,Cr2Li2Mn1O24P6Ti2,False
42763,Cr2Li2O12V5,False
42765,Cr2Li2O15Si6,False
42769,Cr2Li2O6V1,False
42774,Cr2Li2O9Si2,False
42776,Cr2Li3Mn2O8,False
42786,Cr2Li3O6V1,False
42787,Cr2Li3O8V2,False
42792,Cr2Li4Mn3O16Sn3,False
42800,Cr2Li4Nb3O16Ti3,False
42803,Cr2Li4Ni3O16Te3,False
42808,Cr2Li4O10Si3,False
42820,Cr2Li5Ni5O12,False
42828,Cr2Li8O9,False
42833,Cr2Mg1O12Si3,False
42834,Cr2Mg1O4,True
42837,Cr2Mg1O6Pr1,False
42841,Cr2Mg1O9P2,False
42843,Cr2Mg1S5,False
42850,Cr2Mn1O24P6Ti3,False
42858,Cr2Mn3Nb1O24P6,False
42868,Cr2Mn5O12,False
42879,Cr2Na2O7,True
42882,Cr2Na3P3S12,True
42892,Cr2Ni1O24P6V3,False
42909,Cr2O12S3,True
42910,Cr2O12Si3,False
42917,Cr2O15P5,False
42918,Cr2O15Se6,True
42926,Cr2O24P6Ti1V3,False
42932,Cr2O4V1,False
42933,Cr2O4Y1,False
42940,Cr2O5Ti1,False
42948,Cr2O6W1,True
42951,Cr2O7Rb2,True
42953,Cr2O7Sr2,False
42957,Cr2O7Sr3,False
42966,Cr2P1,False
42971,Cr2S1Se1,False
42976,Cr2S4Y1,False
42977,Cr2S4Zn1,True
42979,Cr2S5Zn1,False
42987,Cr2Si2Tb1,False
42988,Cr2Si2Th1,False
42993,Cr2Si6Ti1,False
42998,Cr2Te4V1,False
43039,Cr3F6Li10O24P6,False
43043,Cr3Fe1Li4O8,False
43059,Cr3Fe2O12,True
43060,Cr3Fe2O15,False
43067,Cr3Fe3Li4Nb2O16,False
43079,Cr3Ga1,True
43088,Cr3Ga4,False
43096,Cr3H6K1O14S2,True
43101,Cr3Ir1N1,False
43102,Cr3K1O8,True
43103,Cr3K2O10,False
43104,Cr3La2Mo1O12Sr2,False
43110,Cr3Li10Mn2O16V3,False
43111,Cr3Li10Mn3Ni2O16,False
43113,Cr3Li1Mg1O24S4Se2,False
43118,Cr3Li1O20P6,False
43120,Cr3Li1O4,False
43126,Cr3Li2Mn2O12,False
43128,Cr3Li2Nb1O8,True
43130,Cr3Li2Ni1O8,False
43132,Cr3Li2O10,False
43140,Cr3Li2O8Sb1,True
43147,Cr3Li32O48Ti13,False
43149,Cr3Li3Mn5O16,False
43151,Cr3Li3Ni2O12,False
43166,Cr3Li4Mn3O16Sb2,False
43167,Cr3Li4Mn3O16Sn2,False
43178,Cr3Li4Nb3O16Ti2,False
43188,Cr3Li4Ni3O16Ti2,False
43191,Cr3Li4O12V3,False
43193,Cr3Li4O16Sb2Sn3,False
43200,Cr3Li4O16Sn3Ti2,False
43204,Cr3Li4O16Te2V3,False
43207,Cr3Li4O16Ti3W2,False
43208,Cr3Li4O16Ti5,False
43211,Cr3Li4O8,False
43213,Cr3Li4O8V1,True
43214,Cr3Li5Mn1O8,False
43215,Cr3Li5Na1O36P9Ti3,False
43217,Cr3Li5O16P4,False
43233,Cr3Li8O12Sb1,False
43242,Cr3Mg2O8,False
43248,Cr3Mn1Te4,False
43254,Cr3Mn3Ni16Si7,False
43255,Cr3Mn3O16Sb2,False
43256,Cr3Mn3O16Sn2,False
43257,Cr3Mn3O16Te2,False
43267,Cr3N1Pt1,True
43268,Cr3N1Rh1,False
43273,Cr3N4,False
43277,Cr3Na4O14U1,True
43290,Cr3Ni2O12,False
43294,Cr3O10Sr4,False
43297,Cr3O12Tl2,True
43298,Cr3O12Y2,True
43307,Cr3O16Sb2V3,False
43310,Cr3O16Sb3Ti2,False
43311,Cr3O16Sb3V2,False
43318,Cr3O24P6V1,False
43328,Cr3O8Rb1,True
43338,Cr3P1,True
43342,Cr3Rh3S8,False
43344,Cr3S4,True
43346,Cr3S8Tl1V2,False
43352,Cr3Si1Ta2,True
43368,Cr4Cu1Fe1Se8,False
43374,Cr4Cu1Ni1Se8,False
43387,Cr4Dy1Ge6Mn2,False
43389,Cr4F1Li19O35P8,False
43392,Cr4F9O3,False
43399,Cr4Ga6Se15,False
43408,Cr4K8Li3O16,False
43414,Cr4La3Nd1O12,False
43425,Cr4Li3O24P6,False
43426,Cr4Li3O32P9,False
43427,Cr4Li3O8,False
43431,Cr4Li4Ni1O18Ti4,False
43432,Cr4Li4O18Ti1V4,False
43445,Cr4N3O16P1,False
43447,Cr4Na1O8,False
43448,Cr4Na2O13,False
43454,Cr4Nb2Si5,True
43457,Cr4O12P3,False
43463,Cr4O6Zn1,False
43470,Cr4S8Tl1V1,False
43474,Cr4Si1Ta1,False
43475,Cr4Si4U1Y1,False
43483,Cr5Cs1Te8,True
43485,Cr5Cu1Li6O12,False
43488,Cr5F26Na3Sr4,True
43491,Cr5Fe3La6O24Sm2,False
43506,Cr5Li10Mn3O16,False
43517,Cr5Li3O10,False
43522,Cr5Li4Nb3O16,False
43542,Cr5N4Ta3,False
43549,Cr5O16Sb3,False
43550,Cr5O18Sr9,False
43551,Cr5O18Te3,False
43552,Cr5O18Te3Zn4,False
43554,Cr5O7,False
43555,Cr5O7Zn1,False
43556,Cr5P3U1,True
43571,Cr5Te8Tl1,False
43577,Cr6Fe4O24Zn3,False
43579,Cr6La5O20Sm3V2,False
43584,Cr6Li7Mn10O32,False
43591,Cr6O24P7,False
43612,Cr7Si1U4,False
43622,Cr8Fe1S16Zn3,False
43625,Cr8Fe3Ni1S16,False
43630,Cr8Mo17Ni50,False
43631,Cr8Nb3Si1,False
43642,Cr9O13Zn2,False
43643,Cs10Ge2O9,False
43652,Cs19N30W12,True
43656,Cs1Cu1F6Ga1,True
43659,Cs1Cu1F6Ni1,False
43660,Cs1Cu1F6Rh1,True
43662,Cs1Cu1F6Tl1,False
43669,Cs1Cu1Nd2Se4,True
43682,Cs1Cu1Se4Sm2,True
43683,Cs1Cu1Te3U1,True
43687,Cs1Cu2I3,False
43691,Cs1Cu2Te8Ti2,False
43725,Cs1Er1O2,True
43728,Cs1Er1S2,True
43758,Cs1F1O3S1,True
43759,Cs1F25U6,True
43761,Cs1F2H1O6S2,True
43766,Cs1F2O4S1Sb1,True
43768,Cs1F33Ti8,True
43779,Cs1F3O1V1,False
43780,Cs1F3O3Ti2,False
43782,Cs1F3O4P1Sb1,False
43787,Cs1F3Tl1,True
43789,Cs1F4Fe1,True
43792,Cs1F4I1O1,True
43795,Cs1F4Mn1O2,False
43815,Cs1F6Fe1Mn1,True
43818,Cs1F6Fe1Zn1,True
43822,Cs1F6Ga1Ni1,True
43823,Cs1F6Ga1Rb2,False
43833,Cs1F6K2Sb1,False
43843,Cs1F6Nb1,True
43849,Cs1F6O1Re1,True
43853,Cs1F6Rb2Sb1,False
43855,Cs1F6Rb2Ta1,False
43857,Cs1F6Rb2Tl1,False
43863,Cs1F6V1Zn1,True
43864,Cs1F7H1I1,True
43878,Cs1Fe1Mg6,False
43879,Cs1Fe1O2,True
43884,Cs1Fe2Na5O6,True
43893,Cs1Ga1H1O10P3,True
43895,Cs1Ga1H4,True
43898,Cs1Ga1Mg14O16,False
43901,Cs1Ga1Mg6O8,False
43902,Cs1Ga1O10P2U1,True
43906,Cs1Ga1O6Se2,True
43907,Cs1Ga1O8S2,True
43917,Cs1Ga5Hg4Se12,True
43923,Cs1Gd1O2,True
43929,Cs1Gd1Te4,True
43931,Cs1Ge17Na2,True
43938,Cs1Ge2Na1,True
43942,Cs1H12O18P4Tm1,False
43952,Cs1H1O4Se1,True
43956,Cs1H1O8P2Zn2,True
43957,Cs1H1S1,True
43958,Cs1H24Mn1O20S2,False
43965,Cs1H2O2P1,True
43966,Cs1H2O4P1,True
43969,Cs1H3,False
43974,Cs1H3O6P2,False
43976,Cs1H3Tm1,False
43978,Cs1H4La1O8S2,False
43980,Cs1H4Li1N2O6S2,False
43981,Cs1H4Li1O5S1,False
43991,Cs1H6O20Sc3Se6,True
44021,Cs1I11Nb6,False
44025,Cs1I1O4,True
44030,Cs1I3Li2,False
44043,Cs1I3Yb1,True
44049,Cs1I5Pb2,False
44050,Cs1I5Sm2,False
44067,Cs1Ir1O3,False
44069,Cs1K1,False
44078,Cs1K1O3,False
44079,Cs1K1Rb2,False
44082,Cs1K2O8P2Sc1,True
44084,Cs1K2Pt1,False
44086,Cs1K2Sb1,True
44094,Cs1La1Mg6,False
44100,Cs1La1O3,False
44109,Cs1Li1Mn1S2,True
44115,Cs1Li1P2S8U1,True
44120,Cs1Lu1O7P2,True
44123,Cs1Lu7Se11,True
44130,Cs1Mg14O16Y1,False
44144,Cs1Mg6Mn1,False
44148,Cs1Mg6Nb1,False
44150,Cs1Mg6Rb1,False
44152,Cs1Mg6Si1,False
44167,Cs1Mn1Se3Y1,True
44169,Cs1Mn1Te2,False
44183,Cs1Mo2O8Sm1,True
44185,Cs1Mo2O8Tm1,True
44194,Cs1Mo4O28P7,True
44200,Cs1N1O3Os1,True
44202,Cs1N1Rb1,False
44203,Cs1N2,False
44207,Cs1N2Ru1,False
44208,Cs1N2Ta1,True
44218,Cs1Na1O3Si1,False
44222,Cs1Na1Se1,True
44225,Cs1Na2Rb1,False
44231,Cs1Na7O24Ta8,False
44232,Cs1Nb1Nd2O10Ti2,False
44237,Cs1Nb1O8P2,True
44239,Cs1Nb1O9S2,True
44240,Cs1Nb2Nd1O7,False
44241,Cs1Nb2O24Si8,False
44244,Cs1Nb3O10Sr2,True
44248,Cs1Nd1O12Se2,False
44264,Cs1O11P3U1,True
44272,Cs1O12P4V1,False
44280,Cs1O16Ti8,False
44282,Cs1O18P6V1Zn1,True
44283,Cs1O19P5Ti3,True
44304,Cs1O3Sb1,False
44318,Cs1O4P1Pb1,True
44322,Cs1O4S1,True
44335,Cs1O6Sb1W1,True
44347,Cs1O7P2V1,True
44354,Cs1O8P2U1,False
44358,Cs1O8S2Sc1,True
44365,Cs1O8Tb1W2,True
44367,Cs1O8V3,True
44370,Cs1O9Os2,True
44371,Cs1O9W3,True
44387,Cs1Pb3,False
44402,Cs1S2Tm1,True
44406,Cs1S3Ta1,True
44409,Cs1S4Si1Tb1,True
44418,Cs1Se3Sm1Zn1,True
44423,Cs1Se3Tm1Zn1,True
44424,Cs1Se3Y1Zn1,True
44429,Cs1Si1,True
44436,Cs1Te1,True
44446,Cs1Yb3,False
44450,Cs2Cu1F6K1,True
44475,Cs2Cu3F12Ti1,True
44478,Cs2Cu5Se4,True
44491,Cs2F4H2O2V1,True
44497,Cs2F5Fe1H1,False
44498,Cs2F5Fe1O1,False
44502,Cs2F5O1Rb1Zr1,False
44514,Cs2F6Ge1,True
44517,Cs2F6Hg1Pd1,False
44523,Cs2F6In1Li1,True
44532,Cs2F6Ir1Rb1,False
44535,Cs2F6K1N1,False
44542,Cs2F6K1Sb1,False
44549,Cs2F6Li1N1,False
44554,Cs2F6Li1Pr1,False
44560,Cs2F6Mn1Na1,False
44571,Cs2F6Na1Sc1,True
44591,Cs2F6Rb1Sb1,False
44595,Cs2F6Rb1Y1,True
44599,Cs2F6Sb1Tl1,False
44606,Cs2F6Tl1Y1,True
44624,Cs2Ga1I6K1,False
44627,Cs2Ga1Li3O4,True
44628,Cs2Ga1Na1P2,True
44635,Cs2Ge1Se3,True
44637,Cs2Ge1Te4,True
44638,Cs2Ge2Hg3S8,True
44640,Cs2Ge3Mg1Se8,True
44672,Cs2H6Si1Tl1,False
44674,Cs2H8O13P2Te1,False
44678,Cs2Hg1I4,True
44681,Cs2Hg1I6Sc1,False
44691,Cs2Hg3S8Sn2,True
44693,Cs2Hg6S7,True
44702,Cs2I6In1K1,False
44703,Cs2I6In1Na1,False
44704,Cs2I6In1O18,False
44709,Cs2I6In1Y1,False
44717,Cs2I6K1Y1,False
44719,Cs2I6Li1Nd1,True
44725,Cs2I6Na1Pr1,True
44726,Cs2I6Na1Sb1,False
44732,Cs2I6Pd1,False
44733,Cs2I6Pt1,True
44734,Cs2I6Rb1Sb1,False
44742,Cs2I6Te1,True
44750,Cs2K1Na1,False
44751,Cs2K1O14Si4U2,True
44752,Cs2K1Rb1,False
44754,Cs2K2O5Te1,True
44760,Cs2Li1O4V1,True
44774,Cs2Mn1O12Si5,True
44778,Cs2Mn1S6Te2,False
44794,Cs2Mo2O11,False
44800,Cs2Mo3O19P5,False
44820,Cs2Np1O3,False
44826,Cs2O12S5,False
44832,Cs2O13P4Ti1,True
44841,Cs2O1S5,False
44847,Cs2O3,False
44849,Cs2O3Pb2,True
44857,Cs2O3Ti1,True
44868,Cs2O5Si2,True
44869,Cs2O5Tc2,False
44870,Cs2O5Te2,True
44873,Cs2O7U2,True
44877,Cs2O8V3,True
44878,Cs2O8W1,False
44884,Cs2P1Se5,True
44889,Cs2P3S9Th1,True
44894,Cs2Pd3S6U1,True
44896,Cs2Pd3Se6U1,True
44899,Cs2Pt1Sb2,True
44903,Cs2Pt3Se6U1,True
44907,Cs2S1,True
44929,Cs2Se8Sn3Zn1,True
44932,Cs2Te13,False
44937,Cs3Cu2I5,True
44949,Cs3F4Li1,False
44958,Cs3F6Sb1,False
44961,Cs3F6Ti1,True
44975,Cs3Fe1Mo4O15,False
44977,Cs3Fe1Se3,True
44989,Cs3Ge2O11U2,True
44990,Cs3Ge2O13Sb3,True
44991,Cs3Ge9H6N2,True
44999,Cs3H5Pt1,False
45001,Cs3H9N3P11,False
45003,Cs3Hg1,False
45010,Cs3I4Li1,False
45011,Cs3I4N1O3Zn1,False
45012,Cs3I4Re3S4,True
45018,Cs3I6Sb1,False
45026,Cs3I9Zr2,True
45033,Cs3K1O20Si6Zr2,False
45034,Cs3K5Mo8O44P8,True
45048,Cs3Mo4O16P3,False
45050,Cs3Mo5O25P6,False
45051,Cs3Mo6O38P10,True
45056,Cs3Na1Pb4,True
45061,Cs3Nd1P2S8,True
45062,Cs3Ni1,False
45063,Cs3O1,True
45075,Cs3O4Sb1,True
45076,Cs3O5Re1,True
45077,Cs3O8P2Y1,True
45080,Cs3P1Se4,True
45090,Cs3S4Ta1,True
45092,Cs3S9Sb5,False
45099,Cs3Se4V1,True
45104,Cs3Tb7Te12,True
45109,Cs4Cu1K2O8Si2,True
45111,Cs4Cu3F10,True
45117,Cs4F12Ga1Na2Sc1,True
45120,Cs4F1K3O20Si4U3,True
45126,Cs4Fe2O5Rb2,True
45128,Cs4Ge1O4,True
45130,Cs4Ge1P4Se12,True
45142,Cs4Mg1O24P6Zr3,True
45166,Cs4Re6S13,True
45170,Cs4S14Ti3,True
45178,Cs4Sn23,True
45181,Cs5Fe1O4,True
45185,Cs5Mo21Se23,True
45193,Cs6Cu12S15U2,True
45197,Cs6Ga1Sb3,True
45213,Cs8Ga11,True
45218,Cs8Re12S27,True
45220,Cs9Fe2Se7,True
45221,Cu10Fe1Ge5S20Zn4,False
45223,Cu10Fe2S13Sb4,False
45225,Cu10Fe3Mn2S20Sn5,False
45230,Cu10Hg3S20Sn5Zn2,False
45235,Cu10N3,False
45244,Cu11Mg4O15,False
45251,Cu11S20,False
45253,Cu11Se20Sn5Zn4,False
45260,Cu12N4Pd1,False
45261,Cu12Na7S10,False
45263,Cu12Rb6S15U2,True
45265,Cu13F4O26V4,False
45266,Cu13Fe2Ge2S16,False
45272,Cu13Se8,False
45274,Cu14O37Sc14,False
45275,Cu14Se10Tl5,False
45279,Cu15P16Y6,False
45280,Cu15Si4,True
45291,Cu19O41Sr19,False
45292,Cu19Se11,False
45297,Cu1Dy1Ga3,True
45300,Cu1Dy1Mo2O8,False
45304,Cu1Dy1Pb1,True
45305,Cu1Dy1Pb1S3,True
45311,Cu1Dy1Sn1,True
45327,Cu1Dy2Rh1,False
45332,Cu1Dy3S7Sn1,False
45341,Cu1Er1Mo2O8,False
45345,Cu1Er1P2,True
45356,Cu1Er2Ga1,False
45368,Cu1Er2Ru1,True
45370,Cu1Er2Tc1,False
45375,Cu1Eu1,True
45378,Cu1Eu1F1Te1,False
45381,Cu1Eu1Ge1,True
45386,Cu1Eu1O1Se1,True
45388,Cu1Eu1O3,False
45389,Cu1Eu1O8W2,True
45395,Cu1Eu1Sb1,True
45398,Cu1Eu1Sn2,False
45405,Cu1Eu2O4,False
45407,Cu1Eu2P3Zn2,False
45413,Cu1F12K2O6Zr2,False
45422,Cu1F1Nb1O3,False
45424,Cu1F1O2,False
45439,Cu1F2O2Pb2,False
45441,Cu1F2O3W1,False
45448,Cu1F3Tl1,False
45452,Cu1F4H2N2,False
45453,Cu1F4H8N2O2,False
45470,Cu1F5Y1,False
45476,Cu1F6Ga1Na2,False
45477,Cu1F6Ga1Rb2,False
45478,Cu1F6H12O6Si1,False
45490,Cu1F6K2Sc1,False
45509,Cu1F6O4Ti1,False
45511,Cu1F6Pd1,True
45516,Cu1F6Rb2Ru1,False
45517,Cu1F6Rb2Tl1,False
45525,Cu1F7Ga1Na2,False
45527,Cu1F7In1Na2,False
45545,Cu1Fe1La1Ni3,False
45552,Cu1Fe1Lu1O4,False
45555,Cu1Fe1Ni1,False
45557,Cu1Fe1O2,True
45563,Cu1Fe1Pt2,False
45566,Cu1Fe1S2,False
45570,Cu1Fe1Te2,False
45574,Cu1Fe1Yb1,False
45576,Cu1Fe2In1Se4,False
45580,Cu1Fe2Na1O12V3,False
45587,Cu1Fe2O24P6V3,False
45592,Cu1Fe3Li2O8,False
45593,Cu1Fe3Li3O8,False
45598,Cu1Fe3Ni2O24P6,False
45601,Cu1Fe3Yb2,False
45608,Cu1Fe5Li6O12,False
45630,Cu1Ga1Pd2,False
45639,Cu1Ga1Se4Sn1,False
45647,Cu1Ga2,True
45650,Cu1Ga2O12Se4,True
45656,Cu1Ga3K2Se6,True
45659,Cu1Ga3Nd1,True
45673,Cu1Gd1,True
45678,Cu1Gd1O8W2,False
45687,Cu1Gd2Ge2O8,False
45703,Cu1Gd3Se7Si1,True
45709,Cu1Ge1In1S4,True
45722,Cu1Ge1P1Se1,False
45733,Cu1Ge1Se7Tb3,True
45734,Cu1Ge1Se7Y3,False
45741,Cu1Ge1Y1,True
45743,Cu1Ge2Hf1,True
45745,Cu1Ge2La1,True
45749,Cu1Ge2Nd2O8,False
45751,Cu1Ge2O6Zn1,False
45753,Cu1Ge2O8Pr2,True
45755,Cu1Ge2O8Tb2,False
45763,Cu1Ge4La2Mn3,False
45773,Cu1Ge6Tb2,False
45778,Cu1H10N2O10Se2,False
45797,Cu1H16O20P2U2,True
45798,Cu1H18K1N4Na1O15P4,False
45811,Cu1H20N2O14S2,False
45818,Cu1H2Li1O5P1,False
45826,Cu1H2O2,False
45839,Cu1H4I2O8,False
45842,Cu1H4Li2O4,False
45843,Cu1H4Na2O10S2,False
45856,Cu1H6O5Sr1,False
45858,Cu1H6O8Se2,False
45864,Cu1Hf1K1S3,True
45873,Cu1Hf2,True
45880,Cu1Hf2Si4,True
45882,Cu1Hf4P1,False
45887,Cu1Hf5Sn3,True
45889,Cu1Hg1O2,False
45891,Cu1Hg1O6Se2,True
45893,Cu1Hg2Zr1,False
45896,Cu1Ho1Mo2O8,False
45899,Cu1Ho1O8W2,False
45901,Cu1Ho1Pb1,True
45903,Cu1Ho1Pb1Se3,True
45915,Cu1Ho2O16W4,False
45919,Cu1Ho2Pt1,True
45921,Cu1Ho2Ru1,True
45926,Cu1Ho3Se7Si1,False
45937,Cu1I1P7,False
45940,Cu1I1Te2,True
45944,Cu1I2K4O20,False
45956,Cu1I6K2Sb1,False
45959,Cu1I6Mo1Rb2,False
45961,Cu1I6Pr1Rb2,False
45963,Cu1I6Rb2Ta1,False
45967,Cu1In10Na1S16,False
45969,Cu1In1La2Se5,False
45970,Cu1In1Mn1,False
45973,Cu1In1Mo2O8,False
45978,Cu1In1O5P1,False
45982,Cu1In1Pd2,False
45984,Cu1In1Pr2S5,False
45985,Cu1In1Pr2Se5,False
45986,Cu1In1Pt2,True
45988,Cu1In1S2,True
45991,Cu1In1S4Zr1,False
46000,Cu1In1Te2,True
46012,Cu1In3Pr2,False
46016,Cu1In3Zr5,False
46027,Cu1Ir1Pm2,True
46034,Cu1Ir1Tm2,False
46041,Cu1K1Mg3O12V3,True
46044,Cu1K1Na2O2,True
46046,Cu1K1Nd2S4,True
46048,Cu1K1O1,True
46050,Cu1K1O4P1,False
46052,Cu1K1O9Ta3,False
46053,Cu1K1P1Se3,True
46059,Cu1K1S3Zr1,True
46071,Cu1K2Nb1Se4,True
46072,Cu1K2Ni2O2S2,False
46073,Cu1K2O10S2,False
46074,Cu1K2O10Si4,False
46084,Cu1K2Sb1,True
46086,Cu1K2Se4V1,True
46091,Cu1K3P2S7,True
46093,Cu1K6O8Si2,True
46099,Cu1La1Na1Te4,True
46101,Cu1La1Ni1Si2,False
46103,Cu1La1O1S1,True
46113,Cu1La1O8W2,False
46118,Cu1La1S1Te1,True
46119,Cu1La1S2,True
46120,Cu1La1S3Sr1,True
46121,Cu1La1Sb2,True
46126,Cu1La2Mn1O8Sr2,False
46128,Cu1La2O12Se4,True
46130,Cu1La2O1Se2,False
46131,Cu1La2O1Te2,False
46135,Cu1La2O6Ti1,False
46138,Cu1La2O8Ti2,False
46140,Cu1La2S4,True
46141,Cu1La2S5Sb1,False
46150,Cu1La3Se7Sn1,True
46151,Cu1La4Li1O8,False
46153,Cu1La4Ni1O8,False
46161,Cu1La6Sb15,True
46167,Cu1Li1Mn2O8Ru2,False
46169,Cu1Li1Na1O9P3,False
46170,Cu1Li1Na2O7P2,False
46176,Cu1Li1O2,True
46193,Cu1Li2Mn1O8P2,False
46196,Cu1Li2Ni1O12V4,False
46207,Cu1Li2O4Ti1,False
46210,Cu1Li2O6Si2,False
46218,Cu1Li2S2,False
46229,Cu1Li3O12Te4,False
46233,Cu1Li3O4Si1,False
46235,Cu1Li3O5Sb1,False
46238,Cu1Li3O8P2,False
46242,Cu1Li4Mn3O16P4,False
46254,Cu1Li5O11P3,False
46261,Cu1Li6S4,False
46265,Cu1Li8Mn7O48P12,False
46273,Cu1Lu1Sb2,True
46278,Cu1Lu2O14S2Te2,False
46294,Cu1Mg14Si1,False
46296,Cu1Mg1O10Si4,False
46298,Cu1Mg1O12P4,False
46300,Cu1Mg1O3,False
46302,Cu1Mg1O7P2,True
46309,Cu1Mg1Pb1,False
46315,Cu1Mg2,True
46321,Cu1Mg2O8Ta2,False
46323,Cu1Mg2Tb1,False
46325,Cu1Mg30Mn1O32,False
46333,Cu1Mg30O32Y1,False
46334,Cu1Mg30O32Zn1,False
46340,Cu1Mg4Y1,False
46341,Cu1Mg5,False
46368,Cu1Mn1Rb1S2,True
46371,Cu1Mn1Se4,True
46374,Cu1Mn2O12P3,False
46377,Cu1Mn2O4,False
46383,Cu1Mn3Ni2O24P6,False
46401,Cu1Mo2Nd1O8,True
46404,Cu1Mo2O8Sb1,False
46406,Cu1Mo2O8Tb1,False
46411,Cu1Mo6S8,False
46414,Cu1N1Ni3,True
46424,Cu1N2P1,False
46429,Cu1N3O3,False
46431,Cu1N4O5S1,False
46439,Cu1Na1O12P4,False
46440,Cu1Na1O2,True
46443,Cu1Na1O9P3,False
46459,Cu1Na3O2,True
46464,Cu1Na5O2S1,True
46467,Cu1Nb1O3,False
46470,Cu1Nb1Rb2Se4,True
46479,Cu1Nb2Se4,False
46483,Cu1Nb4Se8,False
46485,Cu1Nd1,True
46495,Cu1Nd1Se2,True
46510,Cu1Nd4Ni1O8,False
46515,Cu1Ni1O2,False
46518,Cu1Ni1Pm2,True
46520,Cu1Ni1Sb2,False
46523,Cu1Ni1Si2Y1,False
46534,Cu1Ni2Zn1,False
46538,Cu1Ni3S8Sn2,False
46555,Cu1O12P3Ti1Zn1,False
46557,Cu1O12P3V2,False
46559,Cu1O12Se4Sm2,True
46560,Cu1O12Sn1,False
46566,Cu1O14P4Ru2,False
46571,Cu1O16S2Sb6,True
46575,Cu1O1P1Th1,True
46581,Cu1O1Se1Sm1,False
46585,Cu1O20V8,False
46589,Cu1O24P6Ti3V2,False
46593,Cu1O2Pr1,True
46601,Cu1O2Sm1,True
46606,Cu1O2Zn1,False
46607,Cu1O34P6Pd11,False
46611,Cu1O3Pr1,False
46614,Cu1O3Se1,False
46616,Cu1O3Sm1,True
46622,Cu1O3Th1,False
46629,Cu1O4P1,True
46630,Cu1O4P1Rb1,False
46631,Cu1O4P1Tl1,True
46634,Cu1O4Rh2,False
46635,Cu1O4S1,True
46637,Cu1O4Sb2,False
46640,Cu1O4Sm2,False
46641,Cu1O4Sr2,True
46651,Cu1O5Se2,True
46656,Cu1O6P2,True
46657,Cu1O6Pb1S1,False
46658,Cu1O6Pt1Sr3,True
46659,Cu1O6Rh1Sr3,True
46662,Cu1O6Sb2,True
46667,Cu1O6Sn1,False
46669,Cu1O6Sr2Te1,False
46673,Cu1O6Te1Tl4,True
46687,Cu1O7Si2Sr2,False
46693,Cu1O7W2,False
46699,Cu1O8P2Te1,False
46702,Cu1O8Sc1W2,False
46713,Cu1O9P2Zn3,False
46715,Cu1O9P3Rb1,True
46724,Cu1P12Ti17,True
46728,Cu1P1Se2,False
46729,Cu1P1Se3Tl1,True
46731,Cu1P1Sr1,True
46752,Cu1Pb1Se3Yb1,False
46756,Cu1Pb1Y1,True
46771,Cu1Pd2Zn1,True
46774,Cu1Pm2Rh1,True
46776,Cu1Pm2Si1,True
46777,Cu1Pm2Sn1,True
46780,Cu1Pr1Sb2,True
46792,Cu1Pr3Se7Sn1,True
46793,Cu1Pr4S7,False
46794,Cu1Pr5Se8,False
46797,Cu1Pt1Sr2,False
46800,Cu1Pt1Y2,False
46803,Cu1Pt2Zn1,False
46805,Cu1Pt7,True
46816,Cu1Re1Zr2,False
46819,Cu1Rh1Sc2,False
46821,Cu1Rh1Y2,False
46823,Cu1Rh1Zn2,True
46829,Cu1Rh2Ta1,True
46832,Cu1Ru1Sm2,False
46833,Cu1Ru1Tm2,True
46837,Cu1S10Ti5,False
46839,Cu1S1Sm1Te1,True
46841,Cu1S2Sb1,True
46853,Cu1S4Sn1Ti1,False
46858,Cu1S4V1,False
46866,Cu1S7Si1Y3,True
46878,Cu1Sb2Tm1,True
46879,Cu1Sb2U1,True
46881,Cu1Sb2Yb1,False
46884,Cu1Sb3Zr2,False
46896,Cu1Se1,True
46913,Cu1Se7Si1Y3,True
46915,Cu1Se7Sn1Tb3,False
46916,Cu1Se8Sm5,False
46918,Cu1Si1Sr1,True
46921,Cu1Si1Tm1,True
46924,Cu1Si1Yb1,False
46925,Cu1Si1Zr1,True
46933,Cu1Sn1,True
46936,Cu1Sn1Tm1,True
46938,Cu1Sn1Y1,True
46942,Cu1Sn3,False
46944,Cu1Sn3Zr5,True
46947,Cu1Sr3,False
46948,Cu1Ta1V1,False
46957,Cu1Te1,True
46958,Cu1Te12U4,True
46961,Cu1Te2Y1,False
46970,Cu1Ti3,False
46985,Cu20Dy3Sb11,False
46987,Cu20O57V18,False
46990,Cu20Sb11Tm3,False
46994,Cu23N8Pd1,False
46997,Cu23Yb6,False
47005,Cu2Dy1Ge2,True
47006,Cu2Dy1In1,False
47019,Cu2Er1F8Na1,True
47020,Cu2Er1Ga1O7Sr2,False
47022,Cu2Er1Ho1,False
47027,Cu2Er1Tm1,False
47033,Cu2Eu1Ga1O7Sr2,False
47034,Cu2Eu1Ge2,True
47035,Cu2Eu1K1Te4,False
47043,Cu2Eu2O5,False
47056,Cu2F7Li2,False
47060,Cu2F8Li3,False
47068,Cu2Fe1Li2O6,False
47074,Cu2Fe1O7Sr2,False
47075,Cu2Fe1O7Sr2Y1,False
47084,Cu2Fe1Sn1,False
47090,Cu2Fe3Li4Mn3O16,False
47123,Cu2Ga1O7Sr2Yb1,False
47124,Cu2Ga1Pa1,True
47141,Cu2Gd1O4,True
47144,Cu2Gd1Pm1,False
47155,Cu2Ge1Mg1S4,False
47157,Cu2Ge1Mn1Te4,True
47163,Cu2Ge1S4Zn1,True
47167,Cu2Ge1Se4Zn1,False
47170,Cu2Ge2Ho1,True
47171,Cu2Ge2La1,True
47173,Cu2Ge2Nd1,True
47179,Cu2Ge2Th1,True
47185,Cu2Ge3O12Zn3,False
47192,Cu2H1O10Se2Tl1,False
47193,Cu2H1O5P1,False
47199,Cu2H2O7Se2,False
47219,Cu2Hg1I4,True
47223,Cu2Hg1Se4Sn1,True
47224,Cu2Hg1Si1Te4,True
47228,Cu2Ho1In1,True
47230,Cu2Ho1O4,True
47231,Cu2Ho1O8Ru1Sr2,False
47236,Cu2Ho1Y1,False
47238,Cu2Ho2O5,False
47244,Cu2I4O1Rb2,False
47246,Cu2In1La1,False
47249,Cu2In1Lu2,True
47267,Cu2In1Y2,True
47287,Cu2K2Mo3O12,False
47290,Cu2K2Te5,False
47291,Cu2La1,True
47293,Cu2La1Nd1O6Sr1,False
47295,Cu2La1O4,True
47299,Cu2La2Mg1,True
47300,Cu2La2O2S1Se1,False
47313,Cu2Li1O12S3,False
47317,Cu2Li1O4,False
47320,Cu2Li1P2,True
47327,Cu2Li1Zn1,False
47335,Cu2Li2O19Si8,False
47337,Cu2Li2S3,False
47338,Cu2Li3Mn1O6,False
47352,Cu2Li4Ni3O16Sb3,False
47365,Cu2Lu1Si2,True
47367,Cu2Lu1Tm1,True
47368,Cu2Lu1Y1,True
47370,Cu2Mg1,True
47371,Cu2Mg11O13,False
47374,Cu2Mg1Nd2,True
47376,Cu2Mg1O3,False
47383,Cu2Mg1O8V2,False
47391,Cu2Mg2O5,False
47394,Cu2Mg7O9,False
47399,Cu2Mn1O4Sb1,False
47402,Cu2Mn1S4Si1,True
47403,Cu2Mn1S4Sn1,True
47405,Cu2Mn1S8Ti3,True
47411,Cu2Mn1Sn1,False
47414,Cu2Mn2O13Pr3Sr3,False
47424,Cu2Mo1O7Se1,False
47434,Cu2N1O6,False
47441,Cu2Na1O2,True
47444,Cu2Na2O6Te1,False
47447,Cu2Na3O6Sb1,False
47448,Cu2Na4S3,True
47452,Cu2Nb1O24P6Ti3,False
47457,Cu2Nd1O4,True
47458,Cu2Nd1O7Sr2Tl1,False
47459,Cu2Nd1O8Sr2Ta1,False
47460,Cu2Nd1O9Ru1Sr2,False
47461,Cu2Nd1Si2,True
47488,Cu2O10Rb1,False
47496,Cu2O14Sr9Zn4,True
47497,Cu2O15V6,False
47505,Cu2O24P6Te1V3,False
47508,Cu2O24P6Ti3W1,False
47516,Cu2O3,True
47519,Cu2O3Ti1,False
47521,Cu2O4P1,True
47523,Cu2O4S1,False
47541,Cu2O5Yb2,True
47543,Cu2O6Pr1Zn1,False
47548,Cu2O7Sb1Sr2,False
47564,Cu2O7Y4,False
47568,Cu2O8P2Zn1,False
47569,Cu2O8Sb2Zn1,False
47575,Cu2O8V2Zn1,False
47577,Cu2O9P1Zn1,False
47586,Cu2Pa1Sn1,True
47590,Cu2Pm1Sn1,True
47594,Cu2Pr1,True
47597,Cu2Pu1,False
47600,Cu2Rb1Se4Ta1,True
47601,Cu2Rb1Ta1Te4,True
47608,Cu2S10Ti5,False
47609,Cu2S12V7,False
47613,Cu2S2Tb1,False
47616,Cu2S2Y1,False
47622,Cu2S4Si1Zn1,True
47623,Cu2S4Sn1Sr1,False
47625,Cu2S4Sn1Zn1,True
47629,Cu2S6Ta3,True
47645,Cu2Se4Sn1Zn1,False
47648,Cu2Se8Tl2Zr3,False
47673,Cu2Te2Tl1,True
47675,Cu2Te3Zr1,True
47677,Cu2Ti1,False
47687,Cu2Zn1Zr3,False
47691,Cu34O95V30,False
47713,Cu3Er2S5Tl1,True
47715,Cu3Er7Te12,False
47716,Cu3Eu1Fe4O12,False
47726,Cu3F12K4Mg1,False
47737,Cu3F6O6Sb4,False
47741,Cu3F7Na1,True
47743,Cu3F9Li2,False
47744,Cu3Fe1,False
47749,Cu3Fe1O16P4,False
47753,Cu3Fe1S8,False
47756,Cu3Fe2Li4Mn3O16,False
47757,Cu3Fe2Li4O10,False
47775,Cu3Fe4Ho1O12,False
47776,Cu3Fe4La1O12,True
47778,Cu3Fe4Mg1O12,False
47780,Cu3Fe4O12,False
47803,Cu3Ga2Yb1,False
47816,Cu3Gd1S3,True
47818,Cu3Ge1,True
47819,Cu3Ge1Li2,False
47822,Cu3Ge1O10P2,False
47824,Cu3Ge3Se21Y7,False
47826,Cu3Ge4Na2O12,False
47832,Cu3H2O9P2,False
47838,Cu3H8N2O16S4,False
47840,Cu3Hf1Rb1Se4,False
47844,Cu3Ho1Mn4O12,False
47856,Cu3I3P8Se6,False
47865,Cu3In4N5Sr8,True
47868,Cu3K1Pb1Se4,False
47877,Cu3K3Nb2S8,True
47882,Cu3La1Mn4O12,False
47886,Cu3La3Sb4,True
47895,Cu3Li16Mn15O36,False
47902,Cu3Li2Mn1O8,False
47911,Cu3Li4Mn1O8,False
47912,Cu3Li4Mn2O10,False
47919,Cu3Li4Mn3O16Ti2,False
47922,Cu3Li4Mn5O16,False
47926,Cu3Li4Nb3O16Te2,False
47927,Cu3Li4Nb3O16Ti2,False
47941,Cu3Li4O16Ti3W2,False
47952,Cu3Li5O10Te2,False
47956,Cu3Li9O29P8,False
47965,Cu3Mg1O12Sb4,False
47966,Cu3Mg1O12Sn4,False
47971,Cu3Mg1O14V4,False
47980,Cu3Mn2O4S4Sr4,False
47988,Cu3Mn4O12Tb1,False
47990,Cu3Mn4O12Tm1,False
47995,Cu3Mo12S16,False
47998,Cu3Mo2O9,False
48001,Cu3Mo4O12Zn1,False
48010,Cu3N5Sr6,True
48013,Cu3Na1O12Ru4,False
48025,Cu3Nb1O12Ti3,False
48026,Cu3Nb1O16P4,False
48033,Cu3Nd1O12Ru4,False
48037,Cu3Nd4Ni1,True
48042,Cu3Ni1Se4Zn1,False
48047,Cu3Ni4O12Y1,False
48051,Cu3O10Te2,False
48052,Cu3O11V2,False
48065,Cu3O12Ta2Ti2,False
48072,Cu3O12V4Zn1,False
48073,Cu3O12W4,False
48080,Cu3O14V4Zn1,False
48083,Cu3O16P4Sn1,False
48086,Cu3O16P4V1,False
48091,Cu3O19Ta7,False
48092,Cu3O1Ti3,True
48100,Cu3O4,False
48104,Cu3O6Te1,False
48111,Cu3O8P2,True
48117,Cu3O8V2,False
48119,Cu3P1,False
48121,Cu3P1S4,True
48138,Cu3S1Se3Ta1,True
48139,Cu3S21Si3Y8,False
48153,Cu3S4Ta1,True
48155,Cu3S5Sc2Tl1,True
48159,Cu3S8V4,False
48161,Cu3Sb1Se3,False
48163,Cu3Sb3Zr2,False
48165,Cu3Sb4Tb3,True
48170,Cu3Sc2Se5Tl1,True
48175,Cu3Se2Te2V1,False
48176,Cu3Se2Tl1,False
48184,Cu3Se4V1,True
48196,Cu3Te2Tl1,False
48211,Cu4Dy3La5O16,False
48220,Cu4Er3Sn4,False
48221,Cu4Eu1P3,True
48223,Cu4F11Tl8,False
48225,Cu4F6O1,False
48229,Cu4Fe1Li3O8,False
48234,Cu4Ga1Ni15,False
48242,Cu4Gd1Y1,False
48246,Cu4Ge2Hf3,True
48248,Cu4Ge3O12Si1,False
48256,Cu4Ge4Yb3,True
48269,Cu4Ho4K2S9,True
48276,Cu4In1Y1,True
48280,Cu4K1Mg1O13V3,False
48286,Cu4K3S4,True
48304,Cu4Li3O4,False
48307,Cu4Li3O8Te1,False
48316,Cu4Mg2O21V6,True
48336,Cu4O10Se3,True
48344,Cu4O9P2,False
48345,Cu4P10Sn1,True
48353,Cu4Pd1Yb1,True
48354,Cu4Pr2Sn5,False
48358,Cu4S16Sn7,False
48360,Cu4S3Tl1,False
48361,Cu4S4Sn1,False
48375,Cu4Si4Zr3,True
48381,Cu4Sn4Y3,True
48384,Cu4Tl1Yb1,False
48389,Cu5Dy1In7,False
48390,Cu5Dy1Sn1,False
48396,Cu5Er4P7,False
48406,Cu5Ga1O16Pb4Sr4Y2,False
48411,Cu5Gd4P7,False
48413,Cu5H2Mn2O18P4,False
48420,Cu5In1La1,True
48422,Cu5In1Th1,True
48426,Cu5In7Tm1,False
48430,Cu5K2O19S3Te1,False
48436,Cu5La1Sn1,True
48442,Cu5Li2O14Si4,False
48444,Cu5Li3O4,False
48448,Cu5Li5Nb2O12,False
48457,Cu5Mg13Y5,True
48461,Cu5Mg8Y5,False
48463,Cu5Mo3O30Sr10W2,False
48475,Cu5Ni5Y2,True
48479,Cu5O12Sb2Si1,False
48480,Cu5O13P3,False
48483,Cu5O14Si4,False
48484,Cu5O15P2Zn1,False
48494,Cu5Se3Tl1,False
48497,Cu5Sm1Sn1,False
48503,Cu5Sn1Yb1,True
48504,Cu5Sn2Te7,True
48516,Cu6Dy1In6,False
48522,Cu6Fe2S12Sn3Zn1,False
48523,Cu6Fe2S8Sn1,False
48524,Cu6Ga21Li13,True
48525,Cu6Ga2U1,False
48541,Cu6La1Na1O24Ti8,False
48556,Cu6Na1O8,False
48563,Cu6Nd12O25,False
48564,Cu6Ni1O6,False
48565,Cu6O15Y4,False
48570,Cu6O8Ta1,False
48582,Cu6Sn7Th4,False
48601,Cu7Na5O13,False
48604,Cu7O16Y4,False
48605,Cu7O20S2Te2,False
48607,Cu7P1Se6,False
48609,Cu7S4,True
48611,Cu7Se4Tl1,False
48616,Cu81Sn22,False
48619,Cu8Fe1N6S13Sb3,False
48622,Cu8Ge1S6,False
48623,Cu8Ge1Se6,False
48624,Cu8Ge3Rb4S12,False
48648,Cu9Dy2O36Ti12,False
48650,Cu9Eu1Mg2,True
48655,Cu9Gd1In2,True
48656,Cu9Gd2O36Ti12,False
48671,Cu9La1Sn4,False
48678,Cu9Lu2O36Ti12,False
48685,Cu9Mg2Yb1,True
48689,Cu9Mn3P7Sm2,False
48714,Dy11In6Si4,True
48717,Dy11S16,False
48729,Dy1Er1Ru2,True
48739,Dy1F1O1,True
48753,Dy1Fe1Ni1,False
48756,Dy1Fe1Si1,True
48766,Dy1Fe4Y1,False
48773,Dy1Ga1Mg1,True
48778,Dy1Ga1Pd2,True
48794,Dy1Gd1Ni2,False
48797,Dy1Gd1Zn2,False
48802,Dy1Ge1Mn1,False
48813,Dy1Ge2Mn2,True
48814,Dy1Ge2Ni1,True
48823,Dy1H1O2,False
48824,Dy1H1Se1,True
48826,Dy1H2K1O9S2,False
48829,Dy1H3O3,False
48832,Dy1H9O10P2,False
48836,Dy1Hg2Li1,True
48837,Dy1Hg2Lu1,False
48844,Dy1Hg2Yb1,True
48846,Dy1Ho1,False
48852,Dy1Ho1Ru2,True
48872,Dy1In1Rh1,True
48879,Dy1In2Ni1,True
48880,Dy1In2Pd1,True
48889,Dy1In5Rh1,True
48896,Dy1Ir2Sm1,False
48898,Dy1Ir2Tm1,False
48899,Dy1Ir2Y1,False
48905,Dy1K1O4Ti1,False
48907,Dy1K1S2,True
48911,Dy1K3O7Si2,True
48916,Dy1La1Tl2,True
48921,Dy1Li1O8S2,False
48932,Dy1Lu1Mg2,False
48934,Dy1Lu1Rh2,False
48935,Dy1Lu1Ru2,True
48936,Dy1Lu1Tl2,True
48938,Dy1Lu3,True
48941,Dy1Mg1Pd1,True
48954,Dy1Mg2Sm1,False
48957,Dy1Mg3,True
48960,Dy1Mn1Si1,False
48962,Dy1Mn2,False
48969,Dy1Mn6Sn6,False
48973,Dy1Mo2O8Tl1,True
48975,Dy1Mo6S8,False
48988,Dy1Na1S2,True
48990,Dy1Na1Tl2,True
49001,Dy1Nd3,False
49006,Dy1Ni1Sb1,True
49012,Dy1Ni1Zn1,True
49015,Dy1Ni2Sb2,False
49028,Dy1O1P1Zn1,True
49030,Dy1O2P2,False
49036,Dy1O36P9Zr6,False
49043,Dy1O3Se1,True
49045,Dy1O3Sn1,False
49051,Dy1O40P1Si9Zr9,False
49060,Dy1O6Sb1Sr2,True
49077,Dy1P1S4,True
49080,Dy1P2Ru2,True
49083,Dy1P5,False
49084,Dy1Pa1,False
49093,Dy1Pd1Sb1,True
49100,Dy1Pd2Sn1,True
49102,Dy1Pd3,True
49111,Dy1Pr3,False
49116,Dy1Pt2,False
49122,Dy1Rb1S2,True
49132,Dy1Rh2Sb1,False
49142,Dy1Rh2Zn20,True
49148,Dy1Ru2Sm1,False
49151,Dy1Ru2Th1,True
49153,Dy1Ru2Zn20,True
49175,Dy1Si1Ti1,False
49182,Dy1Sn2,True
49188,Dy1Tc2Th1,False
49201,Dy1Tl2Y1,False
49202,Dy1Tl3,True
49205,Dy1Y1Zn2,True
49212,Dy1Zn3,True
49215,Dy20In40Rh19,False
49216,Dy29O48Y3,False
49217,Dy2Eu1O4,False
49218,Dy2Eu1S4,True
49221,Dy2F7K1,True
49222,Dy2Fe12P7,True
49226,Dy2Fe17H3,False
49228,Dy2Fe1Ga8,False
49230,Dy2Fe1O6V1,False
49233,Dy2Fe2O7Sr1,False
49237,Dy2Ga1Li1,False
49243,Dy2Ga5Ni5,True
49259,Dy2Ge5Ru3,True
49263,Dy2Hf1S5,False
49267,Dy2Hg1Tl1,False
49274,Dy2In1Pd2,True
49275,Dy2In1Tl1,False
49280,Dy2Ir1Pd1,True
49297,Dy2Mg1Tl1,False
49302,Dy2Mn3O14Sb3,False
49303,Dy2Mn3Si5,True
49310,Dy2N3,False
49316,Dy2Ni1O6Ru1,False
49327,Dy2O12Se3,True
49329,Dy2O13P4,False
49331,Dy2O14S2Te2Zn1,False
49333,Dy2O1S2,False
49335,Dy2O2S1,True
49337,Dy2O2Se1,True
49349,Dy2O7Pt2,True
49351,Dy2O7Sb2,False
49353,Dy2O7Sn2,True
49362,Dy2Os1Zn1,False
49368,Dy2Pd1Ru1,True
49369,Dy2Pd1Si3,True
49370,Dy2Pt1,True
49377,Dy2Rh3Sn5,True
49380,Dy2S3,True
49391,Dy2Se3,True
49395,Dy2Sn5,True
49396,Dy2Te1,True
49397,Dy2Te3,True
49398,Dy2Te5,False
49403,Dy3F10K1,True
49406,Dy3F5O1S1,True
49407,Dy3Fe1Ga1S7,False
49412,Dy3Ga15Ru4,True
49421,Dy3Ga8Ir3,False
49437,Dy3Ho1,False
49439,Dy3I12Rb5,False
49458,Dy3Ni1Si2,True
49470,Dy3Pd20Si6,True
49473,Dy3Pm1,False
49478,Dy3Rh2,True
49483,Dy3Se4,False
49485,Dy3Sr1,False
49486,Dy3Tm1,False
49491,Dy3Zr1,False
49492,Dy4F1Na5O16Si4,True
49493,Dy4Fe1,False
49497,Dy4Ga12Ni1,True
49499,Dy4Ga12Pt1,True
49501,Dy4Ga21Ni10,True
49507,Dy4In1Rh1,True
49508,Dy4In20Ni11,False
49518,Dy4N2Te3,True
49519,Dy4Ni1,False
49520,Dy4Ni12Sn25,False
49531,Dy5Ge3,True
49536,Dy5Ir4Si10,True
49542,Dy5Ni2Sb1,True
49546,Dy5P12Ru19,True
49552,Dy5Rh6Sn18,False
49563,Dy6Fe1Sb2,True
49569,Dy6H40N8O49,True
49573,Dy6Ni2Sn1,False
49575,Dy6Zn23,False
49579,Dy7Rh3,True
49590,Er11Nd4S22,True
49601,Er18O55Ti14,False
49607,Er1F1Mo1O4,True
49609,Er1F1O1,True
49613,Er1F2Li1,False
49617,Er1F5K2,True
49629,Er1Fe1Mn1O5,True
49637,Er1Fe2H3,False
49642,Er1Fe3,True
49644,Er1Fe3Mn3Sn6,False
49645,Er1Fe4Ge2,True
49646,Er1Fe4Mn2Sn6,False
49647,Er1Fe4Sm1,False
49651,Er1Ga1Ir1,True
49657,Er1Ga1Rh1,True
49666,Er1Ga3Ru1,True
49671,Er1Gd1Hg2,False
49674,Er1Gd1O3,False
49676,Er1Gd1Ru2,True
49677,Er1Gd1Zn2,False
49680,Er1Ge1,True
49681,Er1Ge1Ir1,True
49685,Er1Ge1Ni1,True
49701,Er1Ge2Rh2,True
49702,Er1Ge2Ru2,True
49714,Er1H3,True
49715,Er1H3O10P2,False
49720,Er1H6Na5O10W1,False
49721,Er1H7O10P2,False
49729,Er1Hg2Lu1,False
49747,Er1Ho3,True
49754,Er1I3O9,True
49755,Er1In1,True
49765,Er1In1Pt4,False
49768,Er1In1Zn1,True
49777,Er1In2Tb1,True
49779,Er1In2Y1,True
49782,Er1Ir1,True
49783,Er1Ir1O3,False
49791,Er1Ir2Y1,False
49798,Er1K1O8S2,False
49800,Er1K1O8W2,True
49810,Er1K3O12S3,True
49819,Er1Li1O12P4,False
49820,Er1Li1O2,True
49821,Er1Li1O3,False
49830,Er1Li3,False
49836,Er1Lu1Ru2,True
49841,Er1Mg1Pd1,True
49844,Er1Mg1S3,False
49845,Er1Mg1Se3,False
49857,Er1Mg3,True
49865,Er1Mn2O3,False
49868,Er1Mn2Si2,True
49875,Er1Mo2O8Tl1,True
49882,Er1N1O11Se2,False
49884,Er1N3O9,True
49892,Er1Na1P2S6,True
49904,Er1Nd1Tl2,False
49922,Er1Ni2,True
49933,Er1O1,False
49975,Er1O8Re2,False
49978,Er1O9Ta3,False
49983,Er1P1,True
49985,Er1P1S1,True
49993,Er1Pa1Tc2,True
49994,Er1Pa3,False
50000,Er1Pd1Sb1,True
50003,Er1Pd1Tl1,True
50013,Er1Pd3S4,False
50016,Er1Pm1Zn2,True
50017,Er1Pm3,False
50030,Er1Pt2Yb1,True
50032,Er1Pt5,False
50034,Er1Rb1S2,True
50036,Er1Rb3,False
50044,Er1Rh2,True
50064,Er1Ru2Tm1,True
50065,Er1Ru2Y1,True
50068,Er1S1,True
50080,Er1Se2Tl1,True
50087,Er1Sm3,False
50094,Er1Tb3,False
50096,Er1Tc2Th1,False
50107,Er1Tl2Y1,False
50114,Er1Y3,True
50118,Er1Zn12,True
50124,Er25Ni49P33,True
50129,Er2F3Li1O8S2,False
50132,Er2Fe12P7,True
50135,Er2Fe17H3,False
50143,Er2Ga1Li1,False
50146,Er2Ga1Zn1,False
50148,Er2Ga3Ni1,False
50153,Er2Ge1Rh3,True
50159,Er2Ge3O12Sr3,True
50167,Er2Hf1S5,False
50169,Er2Hg1In1,False
50185,Er2Ir1Zn1,False
50187,Er2K1Li1Mo4O16,False
50188,Er2K2O12P3,False
50191,Er2Li1Rh1,False
50194,Er2Li1Tl1,False
50196,Er2Mg1Ni2,True
50201,Er2Mg1Si2,True
50212,Er2Mo4O15,True
50219,Er2Ni1Ru1,True
50225,Er2O11Te4,False
50229,Er2O12W3,False
50238,Er2O2Se1,True
50248,Er2O5Ti1,True
50250,Er2O6W1,True
50264,Er2Os1Zn1,True
50266,Er2Pb1Pd2,True
50269,Er2Pd1Pt1,False
50270,Er2Pd1Rh1,False
50281,Er2Ru3Si5,True
50283,Er2S3,True
50289,Er2Se3,True
50293,Er2Si4Ti3,True
50297,Er2Tl1Zn1,False
50301,Er3F10O1,False
50305,Er3F1O10Si3,False
50306,Er3F1O1S3,False
50308,Er3F5O2,True
50313,Er3Fe34Sm1,False
50316,Er3Fe5O12,False
50317,Er3Ga1,False
50353,Er3La1S6,True
50354,Er3Li1,False
50355,Er3Li3O12Te2,True
50357,Er3Mg1,False
50358,Er3Na1,False
50360,Er3Nd1S6,True
50362,Er3Ni2,False
50371,Er3P1,False
50378,Er3Pd4,True
50382,Er3Pr1S6,True
50383,Er3Pt1,False
50386,Er3Rh1,True
50387,Er3Rh2,True
50389,Er3Ru4Si12,True
50393,Er3Se6Sm1,False
50397,Er3Th1,False
50405,Er4Fe23Y2,False
50406,Er4Fe29Si5,False
50408,Er4Ga12Pd1,True
50410,Er4Ga21Ni10,True
50418,Er4Ge6Rh7,True
50420,Er4I5,False
50424,Er4Ir13Si9,True
50430,Er4Ni1,False
50437,Er5Ge10Ir4,False
50443,Er5In1Ni2,False
50445,Er5In4Pt2,True
50454,Er5Ni2Te2,True
50456,Er5P12Ru19,True
50461,Er5Rh6Sn18,True
50466,Er5Si4,False
50469,Er6Fe1Sb2,True
50471,Er6Ga17Pd5,False
50499,Er8Mn3Mo5O28,True
50504,Er9Mn1S14,False
50505,Eu10Mn6Sb13,False
50508,Eu1F10K5Li2,False
50511,Eu1F1Mo1O4,True
50534,Eu1Ga1Ge1,True
50535,Eu1Ga1Ge2O7,False
50538,Eu1Ga1Pt1,True
50539,Eu1Ga1Si1,True
50541,Eu1Ga1Zn1,True
50543,Eu1Ga2Ge4,False
50547,Eu1Ga2Se4,True
50549,Eu1Ga2Yb1,False
50555,Eu1Gd2S4,False
50557,Eu1Ge12Pt4,False
50575,Eu1Ge2,False
50587,Eu1Ge2Zn2,True
50592,Eu1Ge3Pd1,True
50595,Eu1Ge4In2Ir4,True
50620,Eu1Hg2Na1,False
50623,Eu1Hg2Pm1,True
50632,Eu1Ho3,False
50639,Eu1In1Mn1,False
50654,Eu1In3,False
50656,Eu1In4,False
50658,Eu1In4Ni1,True
50664,Eu1Ir1P1,True
50667,Eu1Ir2,True
50678,Eu1K1P1S4,True
50679,Eu1K1P1Se4,True
50688,Eu1K4P2S8,True
50695,Eu1La2S4,True
50702,Eu1Li1O6Sr1Te1,False
50709,Eu1Li1Sb1,True
50723,Eu1Mg1Pd1,True
50731,Eu1Mg2Yb1,False
50743,Eu1Mo2Na1O8,True
50748,Eu1N1,True
50752,Eu1N2O2Si2,True
50755,Eu1N7Si4Y1,True
50761,Eu1Na1O4Ti1,False
50762,Eu1Na1O6Ti2,False
50773,Eu1Nb1O4,True
50774,Eu1Nb2O6,True
50778,Eu1Nd2Se4,True
50784,Eu1Ni1Si2,True
50785,Eu1Ni1Si3,True
50790,Eu1Ni5,True
50791,Eu1Ni5P3,True
50794,Eu1Np1O3,True
50802,Eu1O2V1,False
50812,Eu1O3Re1,False
50816,Eu1O3Sc1,False
50822,Eu1O3Ti1,True
50828,Eu1O3Zr1,True
50830,Eu1O4P1Rb1,False
50842,Eu1O6Ta2,True
50845,Eu1O8Re2,True
50847,Eu1O8Se2V1,True
50858,Eu1P1Pt1,True
50878,Eu1Pd1Tl2,True
50881,Eu1Pd2Pm1,True
50884,Eu1Pd2Sn2,True
50904,Eu1Pu1Rh2,False
50906,Eu1Rb1S4Si1,False
50923,Eu1S3Zr1,True
50924,Eu1S4Sb2,False
50928,Eu1S4Yb2,False
50935,Eu1Se2,False
50937,Eu1Se2Sr1,False
50945,Eu1Si2,True
50950,Eu1Sm3,False
50953,Eu1Sn2Zn2,False
50961,Eu1Te1,True
50962,Eu1Th3,False
50969,Eu1Yb1,False
50976,Eu1Zn5,True
50985,Eu2Ga1Nb1O7,False
50993,Eu2Ga9Rh3,True
51003,Eu2Ge2Na3Se6,False
51006,Eu2Ge3Li1,False
51010,Eu2Ge4Mn1O12,True
51014,Eu2H4Pd1,False
51019,Eu2Hf2O7,True
51021,Eu2Hg1Li1,False
51025,Eu2Hg1Tl1,True
51032,Eu2In1,True
51036,Eu2In1Tl1,True
51042,Eu2Ir1Zn1,False
51044,Eu2K2O3,False
51047,Eu2Li1Si3,True
51048,Eu2Li1Tl1,True
51055,Eu2Mg1Se4,False
51058,Eu2Mn1O6Rh1,False
51067,Eu2Mo2O12W1,False
51084,Eu2Nb5O9,True
51093,Eu2Ni2O9Sr2Tl1,False
51095,Eu2Ni5Zn5,True
51096,Eu2Ni7P4,True
51107,Eu2O5Re1,False
51115,Eu2O6Pt1Zn1,False
51136,Eu2Pt3Si5,True
51138,Eu2Rh1Zn1,False
51150,Eu2Sn1Zn1,False
51152,Eu2Tl1Zn1,True
51153,Eu3F10Rb1,True
51159,Eu3Ga1O6,False
51162,Eu3Ga2P4,True
51165,Eu3Ga5,False
51169,Eu3Ge13Os4,False
51172,Eu3Ge5Mg5,True
51176,Eu3In1,False
51178,Eu3In1P3,True
51189,Eu3Mg1,False
51204,Eu3O6W1,False
51206,Eu3O7Os1,True
51207,Eu3O7Re1,True
51212,Eu3O7V2,True
51213,Eu3O8Re1,False
51214,Eu3P1,False
51218,Eu3Pd1,False
51222,Eu3Pr1,False
51223,Eu3Pt2,True
51238,Eu3Sn5,True
51243,Eu3Th1,False
51248,Eu3V1,False
51258,Eu4K2Na2O13Ta2,True
51271,Eu5Ga9,False
51273,Eu5H1Si3,False
51283,Eu5O15Ta4,False
51291,Eu6H26Mg7,False
51293,Eu6Ni20P13,False
51298,Eu8Mn3Nb5O28,True
51301,F10Fe2H2O1Sr2,True
51308,F10H4Li3O2V2,False
51318,F10K1Lu3,True
51329,F10Mn3,False
51337,F10Na4Sn3,True
51340,F10O1Re1Sb1,True
51343,F10O4Sn9,False
51344,F10O9Pb5W3,False
51346,F10Rb1Sm3,True
51347,F10Rb1Tb3,True
51355,F11Fe3Li4O1,False
51357,F11Fe5O1,False
51361,F11H2K5Mo3O2S4,False
51369,F11I2Sb2,False
51370,F11I2Sb2Se1,False
51372,F11K2O27Tc9,True
51373,F11La1Zr2,True
51376,F11Li1V5,False
51384,F11Mn1Na1Zr2,True
51387,F11N1S1Sb2,False
51391,F11Na1Ti1Zr2,False
51392,F11Na1V1Zr2,True
51394,F11Nd1Pb4,False
51398,F11O1V4,False
51399,F11Pr1Zr2,True
51406,F12Gd3Yb1,True
51409,F12H12K2Ni1O6Zr2,True
51410,F12H12K2O6Zn1Zr2,True
51411,F12H1I2K1,True
51416,F12H8O4Pt1Sb2,False
51421,F12K1Tb3,False
51425,F12Li1Mn3Rb2,False
51428,F12Li3Mn8O4,False
51430,F12Li3Na3Sc2,True
51432,F12Li3Na3V2,True
51439,F12N6O12S3Sb4,False
51452,F12Th1Zr2,True
51457,F13H6Mn5Na7O15P3,True
51480,F14Fe7O2,False
51486,F14K5V3,True
51497,F14O2Os1Sb2,True
51503,F15Fe5Li7O1,False
51509,F15K3Ta4,False
51511,F15Li3Mn5,False
51518,F15Nd1Pb6,False
51529,F15Tl1Zr3,True
51534,F16H6O6Sr5V3,False
51537,F16Li2Mn7,False
51538,F16Mn7,False
51552,F17Pb4Y3,True
51564,F19Fe6K3,False
51568,F19La1O1Th4,False
51569,F19Li11O5V6,False
51572,F19Li3Zr4,True
51573,F19Li5O5V6,False
51576,F19O1Th5,False
51584,F1Fe1H5N1O4P1,False
51586,F1Fe1Li1Na1O4P1,True
51590,F1Fe1Li2O2,False
51595,F1Fe1Li5O4,False
51601,F1Fe1N1O4P1,False
51602,F1Fe1Na2O4P1,True
51615,F1Fe2Na3O10P2,False
51619,F1Fe3Li4O12P3,False
51623,F1Fe5Li1O5,False
51626,F1Fe7O7,False
51630,F1Ga1O3Te1,True
51633,F1Gd13Ge6O31,False
51645,F1H1,True
51653,F1H2K1Li1O4P1,False
51655,F1H2O2Rb1,False
51659,F1H3K1O4P1,True
51663,F1H3Si1,False
51673,F1H5N2,False
51676,F1H6Na1O6Te1,True
51685,F1Ho1O1,True
51696,F1I1Sr1,True
51701,F1In1O5Te2,False
51704,F1K1,True
51705,F1K1Nb1O2,False
51706,F1K1Nb2O6Sr1,True
51707,F1K1Nb4O5,True
51710,F1K1O2S1,True
51716,F1K1O4S1Sn1,True
51722,F1K3O4S1,False
51730,F1La1Mn1O4Sr1,False
51743,F1Li1Mg1O4S1,False
51748,F1Li1Mn5O5,False
51752,F1Li1Na1Ni1O4P1,True
51763,F1Li1Ni7O7,False
51773,F1Li1O5V3,False
51777,F1Li2Mn1O2,False
51783,F1Li2O3V1,False
51788,F1Li3Ni1O2,False
51795,F1Li4Ni3O6,False
51813,F1Li8Mn1O5,False
51815,F1Li8O5V1,False
51818,F1Lu1O3Se1,True
51824,F1Mg2O4P1,True
51841,F1Mo1Na1O3,True
51844,F1Mo1Nd1O4,True
51845,F1Mo1O4Pr1,False
51851,F1N1,False
51869,F1Na11Nb2O25P2Si4Ti1,True
51886,F1Na5Nd4O16Si4,True
51888,F1Na5O16Si4Sm4,True
51896,F1Nb1O6Pr1Rb1Ti1,False
51898,F1Nb5O12,False
51902,F1Nd1S1,True
51905,F1Ni1O1,False
51906,F1Ni1O3Sr2,False
51910,F1O10Rb2Sc1Si4,True
51918,F1O1Pr1,True
51930,F1O1Yb1,True
51932,F1O2Rb1,False
51934,F1O2Sb1,False
51943,F1O3S1Se5,True
51949,F1O3Tc1,False
51950,F1O3V2,True
51953,F1O4P1Ti1,True
51955,F1O4P1W1,True
51959,F1O5Pr2Sb1,True
51969,F1O7W3,False
51977,F1Pr2S2,False
51986,F1S1Y1,True
51993,F1Se1Yb1,False
51995,F1Sm2,False
52003,F20Mo1O5Te4,False
52011,F22Li1Tl1Zr5,True
52019,F24Fe8Na1,True
52022,F24Li14Mn5,False
52025,F24O1Th6,False
52026,F24O9Pt4,False
52052,F2Fe1O8P2V1,False
52053,F2Fe2H1O3P1,False
52055,F2Fe2K2O7P2,True
52061,F2Fe2O1Se2Sr2,True
52062,F2Fe2O8Pb1V2,False
52063,F2Fe3Nb3O12Zn1,False
52066,F2Fe5O8,False
52067,F2Ga1H3K2O8P2,True
52088,F2H1Rb1,True
52089,F2H2N1P1,False
52091,F2H2O5S1Sn2,False
52100,F2H5N1,True
52101,F2H6K2O6Te1,False
52102,F2H6Mo1N1O3,False
52103,F2H8Mo1N2O5,False
52109,F2Ho1Li1,False
52114,F2I1Sn2,False
52116,F2In1O1,False
52117,F2K1,True
52119,F2K1N1O1,True
52120,F2K1N1O4S2,False
52123,F2K2Mn2O7P2,True
52135,F2Li14N19Nd5O7Si11,False
52148,F2Li1O4V3,False
52156,F2Li2Mn1O1,False
52162,F2Li2O5V2,False
52165,F2Li3Mn2O8P2,False
52170,F2Li3O4V2,False
52171,F2Li4Mn1O2,False
52200,F2Mn3Na3O16Si4Ti2,False
52206,F2N1,True
52208,F2N1O2V1,False
52210,F2N2Ni1O12P2,False
52212,F2N3O1P1,False
52225,F2Ni1,True
52227,F2Ni1O4,False
52228,F2Ni5O16P4,False
52241,F2O1Se1Tb2,True
52243,F2O1Te1,True
52249,F2O2Se1,False
52257,F2O3V2,False
52268,F2Rb1,False
52272,F2Sn1,True
52279,F30Fe1Na3U6,False
52281,F30Mo1O6Te6,False
52285,F30O6Te6U1,True
52290,F31Na7Zr6,False
52298,F34Fe6Na2Sr6Zn1,False
52308,F3Fe1Li1,False
52311,F3Fe1Li6O3,False
52313,F3Fe1Na2O4S1,False
52329,F3Fe7Na7O24P6,False
52332,F3Ga1H6N2,True
52335,F3Ga4Li4O17P4,False
52336,F3Gd1,True
52345,F3H4Mn1N1,False
52354,F3Hg1Rb1,True
52355,F3Hg1Tl1,True
52357,F3I1,False
52370,F3K1Mo1O3Rb2,False
52384,F3K2O4S1Sb1,True
52385,F3K3N3O9Sb1,False
52389,F3La1,True
52396,F3Li1Mn7O9,False
52397,F3Li1Ni1,False
52404,F3Li1O5V3,False
52409,F3Li2Mn4O5,False
52411,F3Li2O2V1,False
52412,F3Li2O4S1Sb1,False
52415,F3Li3Mn2O8P2,False
52425,F3Li4Mn3O5,False
52429,F3Li5Ni3O5,False
52438,F3Mg1Na1,True
52445,F3Mn1Na1,True
52447,F3Mn1Tl1,True
52455,F3N1S1,False
52468,F3Na1V1,True
52470,F3Na2O4S1Sb1,True
52473,F3Nb1,False
52476,F3Nd1,True
52489,F3O1W1,True
52514,F3Rb1Yb1,True
52533,F3V1,True
52536,F43Sb11,True
52538,F47Rb16Sn16,False
52542,F4Fe1K1,True
52552,F4Fe2Li2O1,False
52559,F4Ga1H7N2,False
52572,F4H1O1Rb1Te1,True
52592,F4H7In1N2O1,False
52604,F4K1Mn1,True
52617,F4K1Yb1,False
52623,F4K2O1Te1,False
52629,F4K3Nb8O10,False
52635,F4Li1O1V1,False
52643,F4Li2Mn2O1,False
52646,F4Li2O2W1,False
52648,F4Li2V1,False
52660,F4Mg1Ni1,False
52663,F4Mg1Sn1,False
52664,F4Mg1Sr1,False
52669,F4Mn1Na1,True
52671,F4Mn1O1Tl1,False
52674,F4Mn1Tl1,True
52678,F4Mn3O2,False
52687,F4N2O8S5,False
52698,F4Na1Y1,True
52703,F4Nb1,False
52711,F4Np1,True
52712,F4O1Os1,False
52717,F4O1U1,False
52722,F4O2Rb2V1,False
52731,F4Pd1,True
52734,F4Pt1,True
52736,F4Rb1Tl1,True
52737,F4Rb2Zn1,True
52739,F4Ru1,True
52746,F4Si1,True
52751,F4Tc1,True
52756,F4U1,True
52757,F4V1,True
52759,F4W1,False
52763,F5Fe1H2K2O1,True
52764,F5Fe1H4Mn1O2,False
52777,F5Fe1O1Rb2,False
52783,F5Fe2H4O2,False
52785,F5Fe2Li1O1,False
52790,F5Fe3O1,False
52801,F5Gd1K2,True
52807,F5H14In1O7Zn1,True
52810,F5H1Na1O1U1,False
52813,F5H2K2Mn1O1,True
52814,F5H2K2O1V1,True
52817,F5H2Li2O1V1,False
52818,F5H2Mn1O1Rb2,True
52828,F5H8N2Nb1O1,True
52831,F5Hf1K2O2,False
52832,F5Hf1N1,False
52845,F5K1O1Rb2Zr1,False
52847,F5K1Pd2,True
52851,F5K1Zr1,True
52852,F5K2Lu1,True
52861,F5K2Sm1,True
52867,F5K3Np1O2,True
52871,F5Li1Mn1,False
52874,F5Li1Mn3O1,False
52875,F5Li1Mn5O3,False
52882,F5Li1U1,True
52883,F5Li1V1,False
52886,F5Li2Nb1O1,False
52897,F5Li3O3V3,False
52902,F5Li5Ni1O1,False
52917,F5Mn1O2V1,False
52922,F5Mn3O1,False
52929,F5Mo2N3O4,False
52931,F5N1Ti1,False
52936,F5N3W1,False
52937,F5N6P3S3,False
52939,F5Na1Te1,True
52941,F5Na2Sb1,True
52954,F5O10Rb3Sc2Si4,True
52957,F5O1Rb1Ti1Zn1,False
52961,F5O1S1Y3,False
52964,F5O1V2,True
52965,F5O2S1Sb1,False
52971,F5O5Ta3,False
52972,F5O5Te2Ti2,False
52985,F5Rh1,True
52987,F5S1V1Zn1,False
53000,F5Ti1Zn1,False
53005,F5V1Y1,False
53007,F5W1,False
53013,F6Fe1H4Mn1N1,False
53015,F6Fe1Hf1,False
53016,F6Fe1K1O1Pb1,False
53022,F6Fe1Li1Rb2,True
53026,F6Fe1Li3,True
53031,F6Fe1N6Ru1,False
53033,F6Fe1Na1Sr1,True
53034,F6Fe1Na3,True
53036,F6Fe1Np1O3,False
53054,F6Fe6O7,False
53055,F6Ga1H12N3O3,False
53061,F6Ga1In1K2,False
53062,F6Ga1In1Na2,False
53064,F6Ga1In1Tl2,True
53071,F6Ga1K2Tl1,False
53082,F6Ga1Na1Sr1,True
53085,F6Ga1Na2Tl1,False
53088,F6Ga1Rb3,True
53091,F6Gd1Rb3,False
53111,F6H12Ni1O6Si1,True
53120,F6H1O2Sb1,False
53124,F6H2Si1Sr1,False
53129,F6H4O4P1Sb1,False
53136,F6H8K1N2W1,True
53137,F6H8Mn1N2,False
53140,F6H8N2Sn1,True
53145,F6Hf1Mn1,True
53146,F6Hf1Rb2,True
53148,F6Hf1V1,True
53149,F6Hg1In1K2,False
53151,F6Hg1In1Rb2,False
53164,F6Hg1Na2Rh1,False
53165,F6Hg1Na2Sb1,False
53187,F6Hg2Ni2S1,True
53197,F6Ho1K3,True
53210,F6In1K2Sb1,False
53211,F6In1K2Sc1,False
53212,F6In1K2Tl1,False
53213,F6In1K2Y1,False
53216,F6In1Li1Rb2,True
53219,F6In1Li3,False
53225,F6In1Rb2Sc1,False
53226,F6In1Rb2Tl1,True
53229,F6In1Tl1,True
53230,F6Ir1,True
53244,F6Ir1Na1Rb2,True
53255,F6K1Na1Th1,True
53259,F6K1Na2Ru1,False
53260,F6K1Na2Sb1,False
53269,F6K1P1,True
53270,F6K1Pd1Rb2,False
53279,F6K1Ru1,True
53282,F6K1Ta1,True
53286,F6K2Li1Rh1,True
53289,F6K2Li1Sc1,True
53291,F6K2Li1Ti1,False
53294,F6K2Li1Y1,False
53295,F6K2Mn1,True
53301,F6K2Na1Pd1,True
53302,F6K2Na1Pr1,False
53309,F6K2Na1V1,False
53310,F6K2Na1Y1,False
53329,F6K2Rb1Tl1,False
53342,F6K2Th1,True
53348,F6K3Lu1,True
53358,F6K3Sb1,False
53364,F6K3U1,False
53365,F6K3V1,False
53372,F6Li1Mn1V1,True
53377,F6Li1Na2Nb1,False
53379,F6Li1Na2Rh1,False
53380,F6Li1Na2Ru1,False
53381,F6Li1Na2Sb1,False
53386,F6Li1Nb1,True
53394,F6Li1O8S2V2,False
53407,F6Li1Rh1,True
53414,F6Li1V1,True
53419,F6Li2Mn3O1,False
53427,F6Li2Ni3O1,False
53431,F6Li2O2Ti1,False
53432,F6Li2O3Ta2,True
53433,F6Li2Pd1,True
53449,F6Li3Pd1,False
53451,F6Li3Ru1,False
53452,F6Li3Sb1,False
53456,F6Li3Tl1,False
53462,F6Li4V1,False
53469,F6Mg1Pb1,True
53471,F6Mg1Rh1,True
53475,F6Mg1V1,False
53487,F6Mn1Zn1,True
53505,F6N1Ta1,False
53524,F6N6Ru1V1,False
53526,F6Na1Nb1Rb2,False
53528,F6Na1Ni1Rb2,False
53531,F6Na1P1,True
53537,F6Na1Rb2Ru1,True
53538,F6Na1Rb2Sb1,True
53545,F6Na1Rh1Tl2,True
53551,F6Na1V1,True
53556,F6Na2Sn1,True
53561,F6Na2Y1,True
53562,F6Na2Zr1,True
53563,F6Na3Nb1,False
53566,F6Na3Pd1,False
53569,F6Na3Sb1,False
53571,F6Na3Ta1,False
53573,F6Na3Tl1,False
53574,F6Na3V1,True
53579,F6Nb1V1,True
53589,F6Ni1Sr1,True
53598,F6O10Sn13,False
53607,F6O2Sb1,False
53612,F6O4S1Te2,True
53622,F6Pb1Zn1,True
53623,F6Pb1Zr1,True
53630,F6Pd1Zn1,True
53633,F6Pr1Sr2,False
53634,F6Pt1,True
53643,F6Rb2Sb1Tl1,False
53648,F6Rb2Tb1,False
53654,F6Rb2Zr1,True
53661,F6Rb3Tb1,False
53663,F6Rb3Tl1,True
53664,F6Rb3U1,False
53665,F6Rb3V1,True
53670,F6Rh1Zn1,True
53671,F6Ru1,True
53674,F6Sb1,False
53685,F6Sn1Zn1,True
53688,F6Sr1Zr1,True
53697,F6U1,True
53704,F7Fe1Mn1Na2,False
53715,F7Fe5Li2O5,False
53716,F7Fe5O3,False
53722,F7Gd1Pt1,True
53726,F7Ge1Tl3,False
53737,F7Ho1Pt1,True
53739,F7Ho2Na1,False
53743,F7In1Na2Ni1,True
53745,F7In1Sr2,True
53751,F7K1Sc2,False
53754,F7K1Ti2,False
53755,F7K1Tm2,True
53758,F7K1Yb2,False
53762,F7K2Pa1,True
53764,F7K3Mn2,True
53779,F7Li1Sb2,True
53780,F7Li1V2,False
53788,F7Li3O1V2,False
53792,F7Li4Mn1,False
53798,F7Li4O1V2,False
53806,F7Mg2Na1Sr1,False
53808,F7Mn1Na2V1,False
53817,F7Na1V3,False
53824,F7Na3Zr1,False
53831,F7O3Os2,True
53832,F7O4Y5,False
53837,F7Pb2Rh1,True
53849,F7Rh1Sr2,True
53850,F7Sb2,True
53866,F8Fe3Li4O1,False
53869,F8Fe4Li2O3,False
53882,F8H1K3Sn1,True
53886,F8Hf1Na3,False
53889,F8I2Pb5,False
53892,F8K5Nb16O20,False
53896,F8Li15Mn8O32P8,False
53899,F8Li1Na1Tm2,True
53902,F8Li1O4V3,False
53904,F8Li2Mn4O1,False
53906,F8Li2Ni4O1,False
53917,F8Li4V1,False
53922,F8Li6V1,False
53924,F8Mn3,False
53928,F8N2O2Re1,False
53929,F8N2O2W1,False
53940,F8Nb2O1,False
53942,F8O1P1Sb1,True
53957,F9Fe10Li3O7,False
53961,F9Fe2Na1Pb1,False
53962,F9Fe3N1,False
53964,F9Fe4Li3O3,False
53966,F9Fe6Na8O24P6,False
53968,F9Fe7O3,False
53969,F9H16N3O6S1Zr2,False
53970,F9K1Nb3,False
53972,F9K1Pu2,True
53976,F9K3O6S1Zr2,False
53982,F9Li1V2,False
53984,F9Li3Mn5O2,False
53994,F9Na1Np2,True
53996,F9Na1U2,False
54006,F9Sn1Tl5,False
54013,Fe10Li1Mg1O16,False
54016,Fe10Li9Na1O60Si20,False
54019,Fe10Mn2Nd1,False
54029,Fe10O27Sr10,False
54031,Fe10Sc1Si2,False
54039,Fe11Ho1N1Ti1,False
54041,Fe11Ho1Ti1,False
54066,Fe12N1Sm1,False
54071,Fe12O19Pb1,False
54086,Fe13In1Pr6,False
54091,Fe13Nd6Pb1,False
54106,Fe13Pb1Pr6,False
54107,Fe13Pb1Sm6,True
54113,Fe13Sm6Tl1,True
54114,Fe14Ga3Tm2,False
54121,Fe15Ga2Nd2,False
54125,Fe15Ge2U2,False
54133,Fe15O42Ti13,True
54135,Fe15Si2Tm2,False
54136,Fe16Hf6Si7,True
54137,Fe16Ho6O1,False
54139,Fe16Nb6Si7,True
54142,Fe16Ni7O32Zn1,False
54149,Fe16O53Sr24,True
54152,Fe16Si7U6,True
54161,Fe17H3Pr2,False
54173,Fe17Mn19O48,False
54175,Fe17N2Nd2,False
54190,Fe17Sm1Y1,False
54195,Fe17Y2,False
54196,Fe17Yb2,False
54199,Fe19Ga1N5,False
54201,Fe19Li3O32Zn2,False
54202,Fe19Mg5O32,False
54206,Fe1Ga1,False
54207,Fe1Ga12Ho4,True
54228,Fe1Ga1U1,True
54230,Fe1Ga2H10Zr6,False
54231,Fe1Ga2Ni9,False
54236,Fe1Ga2Zr6,True
54258,Fe1Ge1Li2S4,False
54274,Fe1Ge2Ho1O7,True
54279,Fe1Ge2Mg1O6,False
54288,Fe1Ge2O7Tb1,True
54306,Fe1Ge4La1Ni8,False
54307,Fe1Ge4Mn3Nd2,False
54312,Fe1H10N4O8S2,False
54317,Fe1H12Li1O14S2,False
54327,Fe1H1Li1O5S1,True
54328,Fe1H1Li1O7P2,False
54331,Fe1H1Li2O8P2,True
54355,Fe1H2Ti1,False
54365,Fe1H4Na2O10S2,False
54368,Fe1H4O6P1,True
54371,Fe1H5Li1O9P2,False
54375,Fe1H6N1O5P1,False
54382,Fe1H7Mo2O11,False
54383,Fe1H7Na1O13P3,False
54384,Fe1H8K2O12S2,True
54388,Fe1H8Li4O22P6,False
54395,Fe1H9O12S2,False
54399,Fe1Hf1O3,False
54403,Fe1Hf1Si1,True
54406,Fe1Hf2Ir1,False
54418,Fe1Ho1O3,True
54421,Fe1Ho2Mo1O7,False
54423,Fe1Ho2O7Sb1,True
54438,Fe1I3Tl1,False
54439,Fe1I4K2,True
54448,Fe1In2O7Sb1,False
54450,Fe1In3O10Ti2,False
54456,Fe1Ir1Ti2,True
54464,Fe1K1Mo2O8,True
54465,Fe1K1Na1O10Si4,True
54475,Fe1K1O7P2,True
54484,Fe1K2Li2Mn3Na4O48Si16Ti4,False
54487,Fe1K2Mg1O24Si8,False
54490,Fe1K2O15P4,False
54492,Fe1K2O7P2,False
54497,Fe1K3O3,True
54504,Fe1La1Mg1Mo1O6,False
54510,Fe1La1Mg1O6V1,False
54513,Fe1La1Mn1O6Zn1,False
54514,Fe1La1Mn1Si2,False
54516,Fe1La1Mo1O6Zn1,False
54527,Fe1La1O6Sn1Zn1,False
54528,Fe1La1O6Sr1Ti1,False
54530,Fe1La1O6Ta1,False
54540,Fe1La1Si1,True
54542,Fe1La2Li1O6,True
54552,Fe1La3Li1O8Sr1,False
54561,Fe1La4O1Se6,False
54569,Fe1La6S14Si2,False
54578,Fe1Li12Mn11O48P12,False
54581,Fe1Li1Mg6,False
54584,Fe1Li1Mo3O12Rb2,False
54597,Fe1Li1O2,True
54608,Fe1Li1O6Si2,False
54609,Fe1Li1O6V2,False
54611,Fe1Li1O8S2,False
54612,Fe1Li1O8Si3,False
54613,Fe1Li1O8W2,True
54617,Fe1Li1Rh2,True
54618,Fe1Li1S2,False
54624,Fe1Li2Mn2O6,False
54629,Fe1Li2Ni2O6,False
54631,Fe1Li2O10P3,False
54638,Fe1Li2O13P4,False
54645,Fe1Li2O48P12Zr7,False
54659,Fe1Li2O8P2,False
54662,Fe1Li2O8P2Zn1,False
54678,Fe1Li3N2,True
54679,Fe1Li3Na2O4,True
54686,Fe1Li3O12Sb4,False
54689,Fe1Li3O15Si6,False
54706,Fe1Li4Mn3O8,False
54707,Fe1Li4Mn4O18Ti4,False
54726,Fe1Li4O12W3,False
54730,Fe1Li4O7Si2,False
54734,Fe1Li4O8Y3,False
54744,Fe1Li5O8Si2,False
54746,Fe1Li6Mn3O24P6,False
54749,Fe1Li6Ni9O20,False
54756,Fe1Li6S4,False
54759,Fe1Li7O6,False
54760,Fe1Li7O60Sc9Si20,False
54765,Fe1Li8S6,False
54791,Fe1Mg1O4Si1,True
54805,Fe1Mg2O6Ta1,False
54816,Fe1Mg30O32Sr1,False
54820,Fe1Mg30O32Zn1,False
54821,Fe1Mg3Mo4O24Sr8,True
54835,Fe1Mn1,False
54837,Fe1Mn13O22Si2,False
54838,Fe1Mn1Na1O8P2,False
54843,Fe1Mn1O12V4,False
54845,Fe1Mn1O3,True
54846,Fe1Mn1O4,False
54847,Fe1Mn1O4Si1,False
54852,Fe1Mn1O7Sr3,False
54863,Fe1Mn1Te1,False
54866,Fe1Mn1V2,False
54869,Fe1Mn23O32,False
54873,Fe1Mn2O12P3,False
54875,Fe1Mn2O24P6Ti3,False
54876,Fe1Mn2O24P6V3,True
54884,Fe1Mn2Se3,False
54900,Fe1Mn5O24P6,False
54906,Fe1Mo1O1,False
54916,Fe1Mo2,False
54917,Fe1Mo2Na1O8,True
54921,Fe1Mo2Re2S8,False
54928,Fe1Mo4O15Sr5,False
54938,Fe1N1O1S1,False
54951,Fe1Na1O2S2,False
54953,Fe1Na1O4P1,True
54956,Fe1Na1O4Ti1,False
54961,Fe1Na1O8S2,True
54963,Fe1Na1O8Ti3,False
54965,Fe1Na1O9P3,False
54966,Fe1Na1S2,False
54968,Fe1Na2O10S2,False
54981,Fe1Na3O15S3,False
54983,Fe1Na3O24P6Zr3,False
54990,Fe1Na4O4,True
54999,Fe1Nb1O3,False
55007,Fe1Nb1Ru2,False
55011,Fe1Nb1Si2,True
55012,Fe1Nb1Te2,False
55023,Fe1Nb3Se10,False
55029,Fe1Nb4Te4,True
55032,Fe1Nd1O4Sr1,False
55036,Fe1Nd1Si1,True
55046,Fe1Nd4O1S6,False
55047,Fe1Nd4S7,False
55054,Fe1Ni1O8P2,False
55058,Fe1Ni1P2S6,False
55067,Fe1Ni1Se4,False
55069,Fe1Ni1Sn1,False
55079,Fe1Ni2O4,False
55088,Fe1Ni4Tb1,False
55089,Fe1Ni4Th1,False
55094,Fe1O10S1,False
55099,Fe1O11P3Si1,True
55101,Fe1O11Pb1V5,False
55102,Fe1O11S1,False
55116,Fe1O12P4,False
55126,Fe1O14P4V1,False
55129,Fe1O15Sr5Ti4,False
55141,Fe1O24P6Sn2Ti3,False
55143,Fe1O24P6Sn3,False
55151,Fe1O28P7Sr9,True
55157,Fe1O3Pb1,False
55164,Fe1O3Sc1,False
55169,Fe1O3Sr2,True
55175,Fe1O3Y1,True
55178,Fe1O41V16,False
55180,Fe1O4Rb4,True
55181,Fe1O4Rb5,True
55188,Fe1O4Ti1,False
55192,Fe1O4W1,True
55194,Fe1O5P1Zn1,False
55196,Fe1O5Si1Zn1,False
55197,Fe1O5Te1,False
55200,Fe1O6P2,True
55203,Fe1O6Pb2W1,False
55212,Fe1O6Sb1V1,True
55222,Fe1O6Sn1Sr2,False
55245,Fe1O7Sb1Y2,True
55250,Fe1O8P2Sr1Zn1,False
55259,Fe1O8Ru1Sr4,True
55261,Fe1O8S2,False
55269,Fe1O8W2Y1,False
55273,Fe1O9Se3,False
55275,Fe1Os1Ti2,False
55280,Fe1P1S3,False
55297,Fe1Pd1,False
55306,Fe1Pr2Ru1Si2,False
55312,Fe1Pt1Sn1,False
55318,Fe1Re2Se8Ta2,False
55324,Fe1Rh2Sn1,True
55327,Fe1Ru1,False
55330,Fe1Ru2Si1,True
55331,Fe1Ru2Sn1,False
55336,Fe1S17U8,True
55341,Fe1S2Zr6,False
55347,Fe1S4Ti2,False
55352,Fe1S5U2,False
55358,Fe1S7Y4,False
55363,Fe1Sb1Ta1,False
55389,Fe1Se1Ti1,False
55391,Fe1Se1Zr1,False
55400,Fe1Se8Ti4,False
55403,Fe1Si1Sm1,True
55406,Fe1Si1Ti1,True
55408,Fe1Si1U1,True
55409,Fe1Si1V2,True
55410,Fe1Si1W1,False
55413,Fe1Si2,True
55424,Fe1Si3Tm3,True
55427,Fe1Sn1,True
55443,Fe1Te1V1,False
55445,Fe1Te2,True
55447,Fe1Te4V2,False
55448,Fe1Ti1,True
55457,Fe1V3,True
55466,Fe20Nb19,True
55468,Fe21Ni9O40,False
55469,Fe21O23,False
55471,Fe21O40Zn9,False
55479,Fe23Lu6,False
55481,Fe23O32,False
55488,Fe23Zr6,False
55491,Fe25O32,False
55493,Fe25O48Zn11,False
55495,Fe29Ho4Si5,False
55498,Fe29Nd4Si5,False
55501,Fe29Y3,False
55511,Fe2Ga1Ti1,True
55512,Fe2Ga1V1,True
55516,Fe2Ga6Sc3,False
55519,Fe2Gd1Ni8Tm1,False
55526,Fe2Ge1S4,False
55542,Fe2Ge3Li3O12,False
55549,Fe2H10O11S2,False
55551,Fe2H12O12Sr3,False
55555,Fe2H1Li3O14P4,False
55561,Fe2H3Li2O16P4,False
55567,Fe2H4Ni3O20Se6,True
55577,Fe2Hf1Sn1,False
55583,Fe2Ho1O6Zn1,False
55584,Fe2Ho1Si2,True
55589,Fe2In1O4,False
55593,Fe2K1Li1Na2O24Si8Ti2,True
55597,Fe2K1O8P2,False
55598,Fe2K1P2,True
55600,Fe2K1S3,True
55629,Fe2La1O6Zn1,False
55634,Fe2La2O5,False
55638,Fe2La7Li3O16,False
55640,Fe2La7Mn6O24Sm1,False
55642,Fe2La7O16,False
55643,Fe2Li13O12,False
55646,Fe2Li1Mn3O8,False
55654,Fe2Li1O14P4,False
55658,Fe2Li1O4,False
55667,Fe2Li1S4,False
55670,Fe2Li2Mn5O12,False
55679,Fe2Li2O12W3,False
55687,Fe2Li2O6Ti1,False
55688,Fe2Li2O6V1,False
55691,Fe2Li2O9Si2,False
55702,Fe2Li3Ni2O8,False
55704,Fe2Li3Ni5O12,False
55717,Fe2Li3O6V1,False
55719,Fe2Li3O8Ti2,False
55721,Fe2Li3S4,False
55723,Fe2Li4Mn3Nb3O16,False
55741,Fe2Li4Ni3O24P6Sn1,False
55747,Fe2Li4O12P3,False
55751,Fe2Li4O13Si4,False
55756,Fe2Li4O5,False
55759,Fe2Li5Mn5O12,False
55760,Fe2Li5Ni3O10,False
55761,Fe2Li5Ni5O12,False
55762,Fe2Li5O10V3,False
55768,Fe2Li8O7,False
55774,Fe2Lu1O6Sc1,False
55780,Fe2Mg1O12Si4,False
55781,Fe2Mg1O3,False
55790,Fe2Mg2Na2O24S3Se3,False
55802,Fe2Mn1O24P6Sb2,True
55817,Fe2Mo1,False
55824,Fe2Mo3Na3O12,False
55825,Fe2Mo3O12,True
55830,Fe2Mo6O24Rb2Ti1,False
55851,Fe2Na3Se4,False
55855,Fe2Na8O7,True
55857,Fe2Nb1O24P6Ti3,False
55860,Fe2Nd1,False
55869,Fe2Ni1O4,True
55882,Fe2O10P3,False
55888,Fe2O12P3Sb1,False
55893,Fe2O12Pb3Te2,True
55895,Fe2O12S3,True
55897,Fe2O12Se3,True
55899,Fe2O12Se4Zn1,True
55902,Fe2O12V3,False
55906,Fe2O13Ru2Sr8,False
55907,Fe2O13S1Te2,False
55908,Fe2O13S2,False
55911,Fe2O14P4Sr1,True
55943,Fe2O4Sm1,False
55945,Fe2O4Ti1,True
55948,Fe2O4Y1,False
55951,Fe2O5P1,False
55954,Fe2O5Sm2,False
55955,Fe2O5Sr2,True
55957,Fe2O5Te1,False
55963,Fe2O6Pr1Zn1,False
55966,Fe2O7P2,True
55978,Fe2O8Sm1Sr3,False
55991,Fe2P2U1,True
55992,Fe2P3Ti4,False
55994,Fe2Pd1,False
56000,Fe2Pu1,False
56002,Fe2Rb1S3,True
56014,Fe2S1Se1,False
56018,Fe2S4Si1,False
56032,Fe2Sc3Si3,True
56044,Fe2Si2Tm1,True
56048,Fe2Si2Zr1,False
56054,Fe2Si7U3,True
56058,Fe2Sn1U2,True
56064,Fe2Te2Y5,True
56065,Fe2Th1,False
56067,Fe2Tm1,True
56068,Fe2U1,True
56071,Fe2W1,True
56074,Fe2Zn20Zr1,True
56078,Fe31O48Si5,False
56081,Fe33N4Sm4Ti1,False
56086,Fe34Sm1Tb3,False
56088,Fe35O36,False
56093,Fe3Ga1,True
56102,Fe3Ge2,False
56104,Fe3Ge2Ni3,False
56106,Fe3Ge4Mn1Nd2,True
56124,Fe3H6K1O14S2,True
56129,Fe3H8O12P2,False
56142,Fe3K4Nb1O24P6,True
56143,Fe3La12Li11O28,False
56153,Fe3Li10Ni3O16Ti2,False
56154,Fe3Li10Ni7O20,False
56155,Fe3Li10O24Sb7,False
56158,Fe3Li1O11P3,False
56160,Fe3Li1O15P4,False
56162,Fe3Li1O4,False
56170,Fe3Li2Nb1O8,False
56171,Fe3Li2Nb2O10,False
56179,Fe3Li2O18P5,False
56181,Fe3Li2O6,False
56187,Fe3Li2O8V1,False
56191,Fe3Li3Nb1O8,False
56193,Fe3Li3Ni1O8,False
56199,Fe3Li3O29P8,False
56201,Fe3Li3O8Sb1,False
56207,Fe3Li4Mn1O16P4,False
56215,Fe3Li4Mn2O24P6Sb1,False
56223,Fe3Li4Mn3O16Ti2,False
56227,Fe3Li4Mn4O18Ti2,False
56234,Fe3Li4Nb2O16Sn3,False
56239,Fe3Li4Nb3O16Sb2,False
56240,Fe3Li4Nb3O16Sn2,False
56251,Fe3Li4Ni3O16Sb2,False
56252,Fe3Li4Ni3O16Sn2,False
56257,Fe3Li4Ni5O16,False
56261,Fe3Li4O12Te1,False
56263,Fe3Li4O15P4,False
56285,Fe3Li4O24Sc1Si8,False
56292,Fe3Li5Mn2O10,False
56300,Fe3Li5O10Ti2,False
56303,Fe3Li5O30Sc2Si10,False
56304,Fe3Li5O8,False
56313,Fe3Li6O29P8,False
56327,Fe3Li8O24P6Sn1,False
56347,Fe3Mn1O16P4,False
56358,Fe3Mn2O24P6Sn1,False
56360,Fe3Mn2O24P6V1,False
56367,Fe3Mn3O8,False
56371,Fe3Mn7O20,False
56372,Fe3Mo1,False
56373,Fe3Mo1O12Sr4,True
56376,Fe3Mo6N2Ni1,False
56377,Fe3Mo6N2Pd1,False
56382,Fe3N1Ni1,False
56386,Fe3N1Ti1,False
56396,Fe3Na2O12P3,False
56402,Fe3Na6O16P4,False
56410,Fe3Nd3O12Sc2,True
56412,Fe3Ni1,False
56417,Fe3Ni1P4,True
56422,Fe3Ni2O24P6Sn1,False
56446,Fe3O13P3Sr1,True
56449,Fe3O14P4,True
56453,Fe3O15P4,False
56466,Fe3O24P6Sb1V2,False
56468,Fe3O24P6Sb2V1,False
56469,Fe3O24P6Sn1V2,False
56482,Fe3O6Rb5,False
56485,Fe3O6Y1,False
56500,Fe3Pr4Ru1Si4,False
56502,Fe3Re1,True
56526,Fe3Si5Tb2,True
56527,Fe3Si5Tm2,True
56536,Fe3Th1,False
56540,Fe3Y1,False
56542,Fe41O56,False
56559,Fe4Ge8Ho1O28Y3,False
56562,Fe4H3O15P3,True
56563,Fe4H42Mg1O46S6,False
56568,Fe4Ho2Si9,False
56576,Fe4K4O20P5,False
56580,Fe4K8Li3O16,False
56583,Fe4La1P12,True
56597,Fe4Li1O12P3,False
56604,Fe4Li2O7,False
56608,Fe4Li3Ni1O8,False
56610,Fe4Li3O24P6,False
56622,Fe4Li4Mn3O18Ti2,False
56623,Fe4Li4Mn4O18Ti1,False
56628,Fe4Li4O18Ti4V1,False
56629,Fe4Li4O18V5,False
56631,Fe4Li5O20Si6,False
56636,Fe4Li7O28P8,False
56639,Fe4Li9O20P4,False
56649,Fe4Mg1S8,False
56652,Fe4Mg3O24Ta6,False
56653,Fe4Mg3O24V6,True
56658,Fe4Mn1O5,False
56662,Fe4Mn3O24V6,True
56666,Fe4Mo1,False
56669,Fe4Mo3O20V2,False
56673,Fe4Mo6O24Zn3,False
56677,Fe4Na1Sb12,True
56678,Fe4Na7O24P6,False
56686,Fe4Nd1Sb12,True
56690,Fe4Ni1Th1,False
56691,Fe4Ni3O24P6,False
56705,Fe4O24V6Zn1,False
56712,Fe4O8Ti1,False
56722,Fe4P12Th1,True
56729,Fe4Pr1Sm1,False
56735,Fe4S8Zn1,False
56738,Fe4Sb3,False
56749,Fe4Si2Y1,False
56750,Fe4Si2Zr1,False
56751,Fe4Si7Ta4,True
56752,Fe4Si7Zr4,True
56758,Fe4Ta1W1,False
56761,Fe4V1,False
56768,Fe5Gd3O12,False
56770,Fe5Ge3O12,False
56771,Fe5H12La1,False
56778,Fe5Ho3O12,False
56779,Fe5Ho4Si3,False
56780,Fe5K17O16,True
56782,Fe5K3O24P6,True
56789,Fe5Li18N12,False
56799,Fe5Li3O10,False
56813,Fe5Li4O10,False
56818,Fe5Li4O12V2,False
56819,Fe5Li4O16Sb3,False
56820,Fe5Li4O16Sn3,False
56825,Fe5Li4O24P6W1,False
56828,Fe5Li5Ni2O12,False
56833,Fe5Li5O24P6,False
56843,Fe5Li6O36Sc1Si12,False
56849,Fe5Li9O16Si2,False
56851,Fe5Lu3O12,False
56862,Fe5Mo5Nd2O30Sr8,False
56865,Fe5Na3O30Si10,False
56866,Fe5Na3O8,False
56868,Fe5Na8O14,False
56870,Fe5Nd1,False
56878,Fe5O12Pr3,False
56882,Fe5O12Ti3,False
56899,Fe5O28P8,False
56900,Fe5O28Re5Sr8,False
56903,Fe5O7,False
56912,Fe5P3Tb1,False
56915,Fe5P3Yb1,True
56922,Fe5Sn1U1,False
56928,Fe6Ga6Ho1,True
56929,Fe6Ga6Nd1,False
56934,Fe6Ga6Zr1,True
56936,Fe6Ge2N1,False
56940,Fe6Ge6Hf1,True
56950,Fe6H12K1O29S4,False
56973,Fe6O15Ti4,False
56975,Fe6O34P8Rb7Sm1,True
56994,Fe7Li1O12Zn1,False
57011,Fe7Li8O48P12V1,False
57018,Fe7Mn1O24Sr8,False
57025,Fe7Nb1O48P12,False
57030,Fe7O12Zn2,False
57032,Fe7O16Si4,False
57045,Fe7O9,False
57049,Fe7S8,False
57054,Fe8Ge1Mn4Si3,False
57060,Fe8La7O20Sm1,False
57069,Fe8N1,False
57074,Fe8O12Si1,False
57077,Fe8O21Ti6,False
57080,Fe8O9,False
57083,Fe8Si1Zr3,False
57084,Fe8Ta1Zr3,False
57089,Fe9Ho2Si3,False
57103,Fe9O16Ti3,False
57116,Ga10Os3Tm2,True
57117,Ga10Ru3Yb2,False
57123,Ga11N1O17,False
57127,Ga12Hf3Sc1,False
57131,Ga12La14Mg4O43Sr2,False
57133,Ga12La2Ni1,True
57144,Ga12Pd1Y4,True
57146,Ga12Pt1Y4,True
57162,Ga16Ir7Ti6,False
57163,Ga16Ir7Zr6,True
57172,Ga16Rh7Sc6,False
57174,Ga16Rh7Zr6,False
57176,Ga16Ru7Ti6,False
57177,Ga16Ru7Zr6,False
57185,Ga19Lu6Pd3,False
57188,Ga1Gd1I1,True
57189,Ga1Gd1Mg1,True
57202,Ga1Gd4S9Sb1,True
57206,Ga1Ge1K1O4,True
57209,Ga1Ge1Li1O4,True
57213,Ga1Ge1Mo4S8,False
57214,Ga1Ge1N1Sr2,True
57216,Ga1Ge1Nb6,False
57232,Ga1Ge2Na1O6,False
57234,Ga1Ge2O7Pr1,True
57243,Ga1Ge4S40V20,True
57244,Ga1Ge5La3O16,False
57246,Ga1H1,False
57253,Ga1H2O10P3,True
57258,Ga1H4Li1,True
57261,Ga1H4O6P1,False
57263,Ga1H4Sr1,False
57264,Ga1H5Mg1,False
57272,Ga1Hf1Ni1,True
57277,Ga1Hf1Rh2,True
57281,Ga1Hf2Sb3,True
57283,Ga1Hf5Sn3,True
57289,Ga1Hg1Pm2,True
57291,Ga1Hg1Yb2,False
57292,Ga1Hg2Li1,False
57298,Ga1Ho1Ni1,True
57307,Ga1Ho2Zn1,False
57310,Ga1Ho3O6,False
57311,Ga1Ho3S6,True
57316,Ga1I2,True
57338,Ga1In1O5Zn2,False
57342,Ga1In1S3,True
57347,Ga1In1Yb2,False
57352,Ga1In3N4,False
57354,Ga1Ir1,True
57361,Ga1Ir2Mn1,True
57362,Ga1Ir2Sc1,True
57373,Ga1K1O7P2,True
57379,Ga1K2Na1P2,True
57388,Ga1K5Se4,True
57390,Ga1La1,True
57393,Ga1La1Ni1,False
57401,Ga1La1S3,True
57425,Ga1Li1O12P4,True
57434,Ga1Li1Pm2,True
57457,Ga1Li2Pt1,True
57458,Ga1Li2Rh1,True
57459,Ga1Li2Sb1,False
57469,Ga1Lu1Ni1,True
57470,Ga1Lu1Ni2,True
57474,Ga1Lu1Pt1,True
57481,Ga1Lu6Ni2,True
57483,Ga1Mg149,True
57490,Ga1Mg1Pr1,True
57510,Ga1Mn12Sn11Zr2,False
57524,Ga1Mn1Ru2,True
57529,Ga1Mn1Zr1,False
57538,Ga1Mn2V1,True
57543,Ga1Mn6Sn5Zr1,True
57553,Ga1N1Nd3,False
57554,Ga1N1O1Zn1,False
57562,Ga1N5Sr6,False
57569,Ga1Na1O7P2,False
57572,Ga1Na3O23P8,True
57573,Ga1Na3O8P2,True
57580,Ga1Nb1Ni2,False
57581,Ga1Nb1O4,False
57584,Ga1Nb1O6Ti1,False
57590,Ga1Nb3,False
57605,Ga1Nd1Sb2,False
57607,Ga1Nd2Ni2,True
57609,Ga1Nd3,False
57610,Ga1Nd3Ni1S7,False
57611,Ga1Nd3Ni1Se7,False
57614,Ga1Nd5O17Ti4,False
57617,Ga1Ni1O3,False
57622,Ga1Ni1Sc2,False
57623,Ga1Ni1Sm1,True
57634,Ga1Ni2,False
57636,Ga1Ni2O7Sr2Y1,False
57639,Ga1Ni2Pt1,True
57643,Ga1Ni2Tm1,False
57645,Ga1Ni2Y2,True
57656,Ga1O10P2Rb1V1,False
57661,Ga1O13Pb4Sb3,True
57664,Ga1O2Pt1,False
57668,Ga1O34Pr10Ti9,False
57676,Ga1O3Tb1,False
57691,Ga1O6Sb1Sr2,False
57700,Ga1O7Sr2Ti2Y1,False
57705,Ga1O8Rb1S2,False
57712,Ga1P1,True
57715,Ga1P1S1Zn1,False
57717,Ga1P1Se1Zn1,False
57720,Ga1Pa1Tc2,True
57724,Ga1Pd1Pr1,True
57725,Ga1Pd1Sc1,True
57727,Ga1Pd1Sm1,True
57728,Ga1Pd1Tb1,True
57729,Ga1Pd1Ti1,True
57737,Ga1Pd2Sc1,True
57738,Ga1Pd2Sm1,True
57743,Ga1Pd2Yb1,False
57750,Ga1Pr1,True
57751,Ga1Pr1Pt1,True
57752,Ga1Pr1Si1,True
57766,Ga1Pt1Tm1,True
57768,Ga1Pt1V1,False
57777,Ga1Pu3,False
57780,Ga1Rb2Sb2,True
57783,Ga1Re1Ti2,False
57786,Ga1Rh1Th1,True
57789,Ga1Rh1Y1,True
57809,Ga1Ru2Zr1,True
57829,Ga1Se2,False
57830,Ga1Se2Sn1,False
57831,Ga1Se2Ta4Te6,False
57843,Ga1Sm1,True
57844,Ga1Sm1Zn1,True
57846,Ga1Sm3,False
57848,Ga1Sn1V6,False
57849,Ga1Sn2V2,True
57858,Ga1Tc2V1,True
57859,Ga1Tc2W1,True
57862,Ga1Th1,True
57866,Ga1Ti3,True
57875,Ga1V3,True
57876,Ga1Y1,True
57882,Ga1Yb2,True
57886,Ga1Zr3,False
57896,Ga21Ru11Sm8,True
57908,Ga2Gd4O9,False
57912,Ga2Ge1Mn3Y3,False
57913,Ga2Ge1Mo8S16,False
57918,Ga2Ge2O8Sr1,True
57921,Ga2Ge3S40V20,False
57922,Ga2Ge3Tm3,True
57934,Ga2H5O11P2Rb1,False
57940,Ga2Hf1Mn1,True
57948,Ga2Ho1,True
57958,Ga2In6O8Pt1,True
57960,Ga2Ir1Li1,True
57966,Ga2La1,True
57972,Ga2La1Rh3,True
57976,Ga2La3Rh2,True
57984,Ga2Li1Ru1,True
57992,Ga2Lu3Mn3Si1,False
57995,Ga2Mg1S4,True
57997,Ga2Mg1Y2,False
58009,Ga2Mn3Si1Tm3,False
58010,Ga2Mn3Si1Y3,False
58019,Ga2Na1O9P2,False
58026,Ga2Nd1Ni3,True
58027,Ga2Nd1Pm1,True
58034,Ga2Ni1Pr1,True
58038,Ga2Ni1Sm1,True
58049,Ga2Ni5Te4,False
58054,Ga2Ni6Y3,True
58057,Ga2O12S3,True
58059,Ga2O12Te4Zn1,True
58064,Ga2O4Pb1,True
58065,Ga2O4Sr1,True
58068,Ga2O5Ti1,False
58069,Ga2O5U2,False
58070,Ga2O5V1,False
58072,Ga2O6Te1,True
58073,Ga2O6W1,False
58085,Ga2Pd1Tb1,True
58100,Ga2S2Te1,True
58101,Ga2S3,True
58119,Ga2Se4Zn1,True
58120,Ga2Si3U3,False
58121,Ga2Sm1,True
58130,Ga2Tb1,True
58134,Ga2Te5,True
58135,Ga2Th1,True
58146,Ga2Yb1Zn2,True
58150,Ga3Gd1,True
58165,Ga3Hf1,True
58171,Ga3Hf3Pd2Pt1,True
58172,Ga3Hf3Ti2,True
58198,Ga3La3O12Sc2,True
58200,Ga3La3O12Yb2,False
58201,Ga3La5,True
58212,Ga3Lu2Ni14,False
58214,Ga3Lu5,False
58215,Ga3Mg1,False
58216,Ga3Mg2Mn1,True
58217,Ga3Mo2Zn9,True
58220,Ga3N1O3,False
58222,Ga3N5Sr3,True
58223,Ga3Na1,False
58225,Ga3Na1Te5,True
58230,Ga3Nb1,True
58231,Ga3Nb1Ni12,True
58243,Ga3Nd5,False
58259,Ga3O15S2,False
58273,Ga3Pd1Sm1,True
58278,Ga3Pd7,False
58285,Ga3Pt2,False
58293,Ga3Ru1Tb1,True
58297,Ga3Sb3Ti10,True
58299,Ga3Sc5,False
58301,Ga3Se16Ta12Te8,False
58302,Ga3Si1,False
58314,Ga3Ti2,True
58316,Ga3Ti5,False
58320,Ga3Y1,True
58337,Ga41V8,True
58346,Ga4Hf3V2,True
58355,Ga4La1Nd3O12,False
58356,Ga4La1O12Pr3,False
58358,Ga4La2O9,False
58362,Ga4Li1Y1,True
58385,Ga4Np1,True
58388,Ga4O8Si1,False
58389,Ga4O8Ti1,False
58393,Ga4Pd7Zn3,False
58395,Ga4Pu1,False
58405,Ga4Ti2Zr1,True
58406,Ga4Ti5,False
58419,Ga5Ho3O12,True
58422,Ga5La2Ni5,False
58432,Ga5Lu2Ni12,False
58433,Ga5Lu3,True
58435,Ga5Lu3O12,True
58445,Ga5Nd3O12,True
58449,Ga5Ni1Np1,True
58456,Ga5O12Pr3,True
58461,Ga5O12Yb3,True
58469,Ga5Pt1U1,True
58477,Ga5Sc3,True
58483,Ga5V2,True
58497,Ga6Lu1Y1,False
58502,Ga6Na10Sn3,True
58509,Ga6Sc5Zr5,False
58514,Ga6Tm1,False
58526,Ga7Rb1,True
58531,Ga8Ho3Ir3,False
58537,Ga8Lu3Rh3,False
58540,Ga8O20Sr3Ti3,False
58548,Ga9Ge2Ni1Sm2,False
58549,Ga9Ho2Ir3,True
58569,Ga9Ni13,True
58573,Ga9Pt2Tb3,False
58576,Ga9Pt2Yb3,True
58578,Ga9Rh3Sm2,True
58607,Gd1Ge2Mn2,True
58609,Gd1Ge2Pd2,True
58617,Gd1H2,True
58619,Gd1H2Na1O9S2,True
58622,Gd1H3O3,False
58623,Gd1H4K1O9P2,False
58634,Gd1Hg2Pm1,True
58635,Gd1Hg2Y1,False
58640,Gd1Ho3,False
58646,Gd1In1,True
58647,Gd1In1Ir1,True
58648,Gd1In1Li2,True
58663,Gd1In2Sm1,False
58665,Gd1In5Rh1,True
58671,Gd1Ir2Tm1,True
58681,Gd1K1O4Ti1,False
58691,Gd1La1N2,False
58692,Gd1La1Tl2,False
58701,Gd1Li1Sn1,True
58706,Gd1Li3O3,False
58710,Gd1Lu3S6,True
58713,Gd1Mg1Pd1,True
58720,Gd1Mg2Pm1,False
58722,Gd1Mg3Ni8,False
58731,Gd1Mo2O8Rb1,True
58745,Gd1Na1O4Ti1,False
58752,Gd1Na3O8P2,True
58761,Gd1Ni1Pb1,True
58768,Gd1Ni5,True
58770,Gd1Np3,False
58775,Gd1O14P5,True
58786,Gd1O3Rh1,False
58794,Gd1O3Zr1,False
58797,Gd1O4Pd2,True
58798,Gd1O4Si1,False
58799,Gd1O4Ta1,True
58800,Gd1O4V1,True
58809,Gd1O8Se2V1,True
58817,Gd1P1Pd1,True
58819,Gd1P1S1,True
58826,Gd1Pd1,True
58829,Gd1Pd1Sn1,True
58831,Gd1Pd1Zn1,True
58837,Gd1Pr3,False
58846,Gd1Pt3,True
58852,Gd1Re4Si2,True
58859,Gd1Rh2Tm1,False
58865,Gd1Ru1Si1,True
58866,Gd1Ru2,True
58873,Gd1S2,True
58874,Gd1S2Sm1,True
58884,Gd1Sc1Si1,True
58885,Gd1Se1,True
58893,Gd1Sm3,False
58913,Gd2Ge2Mg1,True
58919,Gd2Hf1O5,False
58926,Gd2Hg1Zn1,False
58933,Gd2In1Pd2,True
58936,Gd2Ir1Mg1O6,False
58949,Gd2Mg1Ni2,True
58954,Gd2Mg1Si2,True
58964,Gd2Mo3O12,True
58973,Gd2Ni1O4,False
58981,Gd2O11Te4,True
58984,Gd2O14S2Te2Zn1,True
58988,Gd2O20S3,False
58993,Gd2O3,True
58996,Gd2O5Re1,True
59006,Gd2O7Ti2,False
59009,Gd2O9W2,False
59020,Gd2S4Sr1,False
59024,Gd2S5Zr1,True
59034,Gd2Zn17,True
59036,Gd3Ge13Os4,True
59038,Gd3Ge1Na1S7,False
59049,Gd3Li1,False
59051,Gd3Lu1,False
59055,Gd3N1O1Se2,True
59059,Gd3Na1O14Sb2Ti2,True
59061,Gd3Nb1O7,False
59065,Gd3O12Y5,False
59069,Gd3O3Sb1,False
59072,Gd3O7Re1,False
59078,Gd3P6Pd20,True
59079,Gd3Pd2,False
59081,Gd3Pt1,True
59095,Gd4H16O23P6,False
59096,Gd4In1Ir1,True
59099,Gd4Mg1Ru1,True
59101,Gd4Mo7O27,False
59105,Gd4O7Se3Si2,True
59107,Gd4Sb3,True
59110,Gd5O12Y3,False
59112,Gd5P12Ru19,True
59121,Gd8O26Zr7,False
59133,Ge10Li8Nd7,True
59142,Ge10Rh4Tm5,True
59146,Ge10Tb11,False
59149,Ge10Yb11,False
59157,Ge12Mg19Sr5,True
59160,Ge12O27Pb2Sr1,False
59161,Ge12Pr1Pt4,False
59163,Ge12Pt4Th1,False
59170,Ge13Ir4Nd3,False
59172,Ge13Ir4Sm3,False
59176,Ge13Ir4Yb3,True
59180,Ge13Lu3Ru4,False
59182,Ge13Nd3Rh4,False
59191,Ge13Pr3Pt4,False
59192,Ge13Pr3Ru4,False
59201,Ge13Rh4Yb3,False
59204,Ge13Ru4Y3,False
59227,Ge1H4K4N2O3,True
59228,Ge1Hf1Ir1,True
59230,Ge1Hf1Mo1,True
59231,Ge1Hf1Ni1,True
59236,Ge1Hf1Pt1,True
59240,Ge1Hf1S1,True
59253,Ge1Hg1O3,False
59255,Ge1Hg1Sr2,False
59261,Ge1Ho1,True
59265,Ge1Ho1Na1O4,True
59269,Ge1Ho1Pd2,True
59282,Ge1I2La2,True
59283,Ge1I2Y2,True
59292,Ge1In1Li1,True
59309,Ge1Ir1Mn3,False
59322,Ge1Ir2Li1,True
59325,Ge1K1La1S4,True
59331,Ge1K1O3Rb1,True
59334,Ge1K1O5Ta1,True
59344,Ge1K2Se3,True
59346,Ge1K2Te4,True
59348,Ge1K3S3,True
59351,Ge1K4O4,True
59365,Ge1La1Se4Tl1,True
59369,Ge1La2O5,True
59373,Ge1Li10O12P2,False
59379,Ge1Li1Nd1,True
59385,Ge1Li1O4Y1,False
59386,Ge1Li1O5Ta1,True
59389,Ge1Li1Pm2,True
59391,Ge1Li1Pt2,True
59393,Ge1Li1Sb1Te3,False
59395,Ge1Li1Tb1,True
59404,Ge1Li2N2,True
59418,Ge1Li2Pt1,False
59429,Ge1Li4S4,True
59431,Ge1Li5P3,False
59434,Ge1Lu1Na1O4,True
59437,Ge1Lu1Pd1,True
59450,Ge1Mg1P2,False
59456,Ge1Mg2,True
59461,Ge1Mg4Si1,False
59472,Ge1Mn1O5Pr1,True
59482,Ge1Mn1Sm1,False
59510,Ge1Mo3,True
59516,Ge1N2O1Si1,False
59519,Ge1N2Zn1,True
59527,Ge1Na1O4Tb1,True
59545,Ge1Na2O7Ti1Zn2,True
59553,Ge1Na4O4,True
59565,Ge1Nb2Te4,True
59568,Ge1Nb3Te6,False
59569,Ge1Nb4S8,False
59573,Ge1Nb6Sn1,False
59579,Ge1Nd1Rh1,True
59582,Ge1Nd1Si1,False
59586,Ge1Nd4O8,True
59593,Ge1Ni1Sc1,True
59603,Ge1Ni1Zr1,True
59610,Ge1Ni2Zn3,False
59635,Ge1O3Pd1,False
59644,Ge1O3Ti1,False
59645,Ge1O3Tl1,False
59648,Ge1O3Yb1,True
59653,Ge1O4Sr1,False
59654,Ge1O4Sr2,True
59658,Ge1O4W1,False
59665,Ge1O5Sc2,True
59672,Ge1O6Sr1Te1,True
59680,Ge1O9P1Pr3,True
59687,Ge1P2Zn1,True
59698,Ge1Pb2Se2Te1,False
59721,Ge1Pd2Y1,True
59726,Ge1Pr1Pt1,True
59731,Ge1Pr1Ti1,False
59737,Ge1Pt1Se1,True
59740,Ge1Pt1Tb1,True
59745,Ge1Pt1V1,False
59748,Ge1Pt1Zr1,True
59750,Ge1Pt3,True
59756,Ge1Rb2Se3,True
59759,Ge1Re3,False
59761,Ge1Rh1Sc1,True
59771,Ge1Rh1Yb1,True
59784,Ge1Ru1Tb1,True
59790,Ge1Ru2V1,True
59794,Ge1S1Th1,True
59798,Ge1S2Tl1,True
59800,Ge1S3Sn1,True
59802,Ge1S3Tl2,True
59809,Ge1Sb1,False
59812,Ge1Sb1Zr1,True
59813,Ge1Sb2Te4,False
59814,Ge1Sb3,False
59821,Ge1Se1,True
59835,Ge1Si1Ta1,False
59837,Ge1Si1Th1,False
59839,Ge1Si1Th4,False
59845,Ge1Sm1,True
59846,Ge1Sm1Ti1,True
59849,Ge1Sn1Tb1,False
59852,Ge1Sn2Te3,False
59864,Ge1Tc3,False
59870,Ge1Te3Tl3,True
59873,Ge1Te6Ti1,True
59882,Ge1Tm1Zn1,True
59887,Ge1Y1,True
59888,Ge1Y1Zn1,True
59893,Ge1Zn1Zr1,False
59901,Ge20In3K4,True
59905,Ge23Mo13,False
59910,Ge2Hf1Mn1,True
59911,Ge2Hf1Rh1,False
59912,Ge2Hf1Ru1,False
59913,Ge2Hf3,True
59922,Ge2Ho1Pd2,False
59930,Ge2Ho2Os1,True
59937,Ge2Ho6Mg1S14,False
59944,Ge2In1Na1O6,True
59948,Ge2In1Sb1Te5,False
59956,Ge2Ir1Li1,False
59963,Ge2Ir2La1,True
59964,Ge2Ir2Nd1,True
59967,Ge2Ir2Sr1,True
59968,Ge2Ir2Tb1,False
59971,Ge2Ir3La1,False
59975,Ge2K1O4,False
59990,Ge2La1,False
59995,Ge2La1Pd1Rh1,False
60006,Ge2Li1Nd1,True
60011,Ge2Li1Sm1,True
60015,Ge2Li3O10V2,False
60016,Ge2Li4Mn1S7,True
60023,Ge2Lu1Mn2,True
60029,Ge2Mg1,False
60039,Ge2Mg1O7Sr2,True
60049,Ge2Mg2O5,False
60055,Ge2Mn1O6Zn1,False
60056,Ge2Mn1O7Sr2,True
60073,Ge2Mn2Y1,True
60074,Ge2Mn2Yb1,True
60078,Ge2Mo1O6,False
60080,Ge2N2Sr3,True
60084,Ge2N6Sr5,True
60091,Ge2Na2S6Zn1,True
60107,Ge2Nd1Pt1,True
60111,Ge2Nd1Ru2,True
60114,Ge2Nd2Zn15,False
60118,Ge2Ni1,False
60131,Ge2Ni1Th1,True
60134,Ge2Ni1Y3,True
60147,Ge2Ni3Tm1,True
60148,Ge2Ni5,False
60151,Ge2Ni7Zn6,False
60160,Ge2O3,False
60163,Ge2O5Sr2,False
60168,Ge2O6Ti1Zn1,False
60171,Ge2O6W1,False
60175,Ge2O7Sm2,True
60176,Ge2O7Sn2,False
60177,Ge2O7Sr2Zn1,True
60181,Ge2O7Tm2,True
60182,Ge2O7V2,False
60186,Ge2Os1Sc1,True
60212,Ge2Pt2Tb1,False
60213,Ge2Pt2Th1,True
60215,Ge2Pt2Y1,False
60221,Ge2Re1Sc1,True
60225,Ge2Rh2Sm3,True
60227,Ge2Rh2Tb1,True
60235,Ge2Rh2Yb1,True
60236,Ge2Rh4Tm1,True
60241,Ge2Ru1Y2,True
60248,Ge2Ru2Y1,True
60251,Ge2S1Se1,False
60256,Ge2Sb2Y5,True
60257,Ge2Sc1,True
60259,Ge2Se5Sr2,True
60261,Ge2Sm1,False
60287,Ge3Ho2Pt9,False
60300,Ge3Ir2Se3,True
60301,Ge3Ir2Tb3,True
60308,Ge3La1Rh1,True
60310,Ge3La1Ti1,True
60322,Ge3Li2Lu3,False
60336,Ge3Lu3Ni2,True
60337,Ge3Lu3Ru2,True
60338,Ge3Lu5,True
60363,Ge3N2,False
60364,Ge3N2O9Zr1,False
60372,Ge3Nb1O9Rb1,True
60382,Ge3Nd2Rh1,False
60401,Ge3Ni5U1,True
60402,Ge3Ni5Y1,True
60406,Ge3O10Pb3,False
60410,Ge3O12Sb4,True
60411,Ge3O12Sc2Sr3,True
60413,Ge3O12Sr3Tm2,True
60416,Ge3O12Te2,False
60424,Ge3O17Pb11,False
60425,Ge3O25P6Si2,True
60426,Ge3O7Pb1,True
60429,Ge3O9Rb2Sn1,False
60430,Ge3O9Rb2Ti1,True
60437,Ge3P1,False
60439,Ge3Pd1,False
60446,Ge3Pr4,True
60453,Ge3Pt1Sr1,True
60454,Ge3Pt2,True
60474,Ge3Sb5Yb8,False
60479,Ge3Si1,False
60482,Ge3Si3Y10,False
60488,Ge3Sr5,False
60493,Ge3Tc1,False
60497,Ge3Tm1,False
60500,Ge3U5,False
60504,Ge3Y2,False
60509,Ge3Zn1,False
60511,Ge43Hg3Rb8,True
60513,Ge4Hf2Nb3,True
60516,Ge4Hf4Nb1,True
60534,Ge4Ir1La2Pd3,True
60540,Ge4La1Ni9,True
60564,Ge4Mn12N3,True
60565,Ge4Mn1O12Y2,True
60569,Ge4Mo2Sc3,False
60571,Ge4Mo3U2,False
60582,Ge4Nb3U2,True
60593,Ge4Np5,False
60606,Ge4Ru3Yb2,True
60609,Ge4Sc3V2,False
60625,Ge4V3Zr2,True
60626,Ge4Y3,True
60628,Ge4Yb5,True
60632,Ge5Ho12S28,False
60633,Ge5Ho2Rh3,True
60638,Ge5Ir3Pr2,True
60639,Ge5Ir3Sm2,True
60646,Ge5La2Ru3,True
60650,Ge5Mg1,False
60662,Ge5O11,False
60668,Ge5Pr2Ru3,True
60669,Ge5Pr3,False
60672,Ge5Rh3Tb2,True
60677,Ge5Ru3Y2,True
60678,Ge5S28Tb12,False
60685,Ge5Tb3,True
60686,Ge5Ti1U3,True
60712,Ge6Lu4Rh7,True
60718,Ge6Mg7Pr4,True
60723,Ge6Mn6Y1,True
60731,Ge6Ni6Sc1,False
60732,Ge6Os7Sc4,False
60738,Ge6Pr2Zn3,True
60739,Ge6Pr3Pt4,True
60742,Ge6Pt4Tb3,True
60744,Ge6Rh7Sc4,True
60745,Ge6Rh7Yb4,True
60746,Ge6Ru7Sc4,False
60747,Ge6Sr7,False
60748,Ge6Tb4Zn5,False
60749,Ge6Tc7U4,True
60757,Ge7H4O22,False
60765,Ge7Mg6Ni16,True
60766,Ge7Mn6Ni16,False
60779,Ge7Pr4,True
60781,Ge7Re4,False
60786,Ge8Li7Rb1,False
60795,Ge8Mn9Nb2,True
60807,Ge9K4O20,True
60814,Ge9Pd25,False
60817,H10I1K2Na1O10,True
60821,H10K2N2O14Te1,False
60822,H10K2Na1O19V5,False
60830,H10Mg1O10Se2,False
60836,H10Mn1N4O8S2,False
60847,H10N2O4S1,False
60855,H10N4O17Th1,True
60858,H10Na2O12P2Zn1,False
60862,H10Na4O11Sn4,False
60868,H10O14P3Pr1,False
60870,H10O5P1S3Sr1,False
60875,H11I1Na3O13V1,False
60889,H12I8N4Pd1,False
60897,H12K2N6Sn1,True
60904,H12K6O33P6Te2,False
60910,H12Li1N4Te1,True
60911,H12Li1Ni1O14S2,False
60916,H12Li2O18P4V1,False
60920,H12Mg1Na2O18P4,False
60921,H12Mg1O10P1Rb1,False
60944,H12N10O35Zr2,True
60962,H12N6Ni1O4,False
60965,H12Na1O40P1W12,False
60975,H12Ni1O14Se2Tl2,False
60982,H12O10Se1Zn1,False
60985,H12O12S2Zn1,False
60987,H12O14Rb2Se2Zn1,True
61010,H15I1Ni1O12,False
61012,H15N4O10P3Sr1,False
61018,H16I2Mg1O16,False
61022,H16K1Li7N8,False
61023,H16K1O22V5Zn1,False
61030,H16Li3O22V5,False
61041,H16Mg7Ti1,False
61043,H16Mn1N2O16P4,True
61054,H16Na2O11Si1,False
61055,H16Na2O20P4Zn1,False
61071,H18I2K4Na2O20Pd1,True
61077,H18K6Mo7O35,False
61089,H18Na1O12P1S1Sr1,False
61095,H18Na6O30P6Te1,False
61099,H18O30P6Zn5,False
61106,H1Hg4O6Sb1,False
61124,H1I2Sr2,False
61126,H1I3O8,False
61147,H1K1O3Si1,True
61158,H1K1O8S2Tb1,False
61162,H1K2N1O7S2,False
61179,H1Li1Mn1O5S1,False
61181,H1Li1Mn2O8P2,False
61185,H1Li1Ni1O5P1,False
61187,H1Li1O10P3V1,False
61188,H1Li1O2,False
61192,H1Li1O4Te1,False
61195,H1Li1O5P1V1,True
61196,H1Li1O7P2V1,False
61198,H1Li1O8P2V1,False
61200,H1Li1Pd1,True
61211,H1Li3O4Te1,True
61214,H1Li4O15P5,False
61229,H1Mn1,False
61233,H1Mn1O2,False
61234,H1Mn1O4Se1,False
61249,H1Mo3,False
61252,H1N1,False
61253,H1N1Na1O2,False
61254,H1N1O1,False
61257,H1N1O8P2Zn2,False
61258,H1N1S1,False
61259,H1N1S3,False
61261,H1N1S8,False
61269,H1N8Zr10,True
61271,H1Na1Ni1O7P2,True
61278,H1Na1O5Ti2,False
61279,H1Na1O7P2Zn1,False
61281,H1Na1O8P2Zn2,True
61282,H1Na1S1,True
61290,H1Nb1,False
61292,H1Nb1O5P1,False
61299,H1Nd1O2,True
61312,H1O10P3Pr1Rb1,True
61318,H1O1Rb1,True
61327,H1O2Yb1,False
61328,H1O3Sb1,False
61337,H1O4Rb1Si1Sr1,False
61358,H1O7Rb1S2,True
61360,H1O8Rb3S2,True
61366,H1Pa3,False
61371,H1Pd3Tl1,True
61372,H1Pm1,True
61373,H1Pr1,False
61378,H1Re3,False
61388,H1Ta2,True
61396,H1W1,False
61399,H1Zn1,False
61413,H20N8O13S1,False
61415,H20Na4O17P2,False
61422,H22Na3O12P1S3,False
61424,H24K3O40Rb5S4Te4,True
61430,H24Mg1O20P2Zn2,False
61434,H24Na10O12S26Sn7Zn7,True
61436,H24Na3O26V5,False
61438,H24O20Rb1S2V1,False
61449,H28N6O10Ru1S2,False
61456,H2Hf1,True
61457,H2Hf2Pd1,False
61460,H2Hg1O5Se1,True
61464,H2I1Li1O1,True
61471,H2I3O9Rb1,True
61472,H2I4La1O15V1,False
61475,H2In1O5P1,False
61476,H2K1La1O9S2,False
61477,H2K1Li1O5W1,False
61481,H2K1Na1,False
61483,H2K1Na1O7P2,False
61487,H2K1O3P1S1,True
61501,H2K3O10Si3Tb1,True
61504,H2La1,True
61534,H2Li2O5Se1,False
61547,H2Mg1Ni1,False
61548,H2Mg1O2,True
61555,H2Mg2Ni1,False
61563,H2Mg7O16Si4,False
61564,H2Mn1Mo1O7Se1,False
61577,H2Mn29,True
61581,H2Mn3O6,False
61591,H2N1Na1O3S1,False
61592,H2N1Na3O8S1,False
61598,H2N1O4Se1,False
61599,H2N1Rb1,True
61603,H2N6Na4O13Ru1,False
61631,H2Ni1O5S1,False
61640,H2O10P3V1,True
61642,H2O10S1Sb4,True
61643,H2O10U3,False
61647,H2O14Pd1S4,False
61649,H2O1Si1,False
61652,H2O2Pb1,False
61662,H2O4P1Tl1,True
61663,H2O4Pb3,False
61665,H2O4Se1,True
61676,H2O5Si1Zn2,False
61683,H2O6S1Ti1,False
61685,H2O7Pb1Si1U1,False
61686,H2O7S2,False
61690,H2O8P2Sr1,False
61692,H2O8P2Th1,False
61694,H2O8P2Zr1,True
61695,H2O8Pb4S1,False
61700,H2O9P2Zn3,False
61701,H2O9Se2U1,False
61709,H2S1,True
61714,H2Sm1,True
61728,H30N10Na3S3Sb1,True
61731,H30O21S2,False
61737,H34N6O26P6Te1,False
61740,H38Mo6Nd2O43Te1,False
61750,H3I3N2,False
61754,H3K1,False
61756,H3K1Mg1,True
61758,H3K1Ni2O10Se2,False
61778,H3La1,True
61783,H3La3O8V1,True
61784,H3Li1Mg1,False
61791,H3Li1Sr1,False
61792,H3Li2Mn1O14P4,False
61798,H3Li4O16P4Sn2,False
61802,H3Mg1,False
61815,H3N1O3S1,False
61818,H3N1O6Se2,False
61819,H3N1Rb2Sn2,True
61820,H3N3Na3O8P1S2,False
61833,H3Na3O5Si1,False
61842,H3Ni1O7S1Y1,True
61846,H3O12Pr1S3,False
61847,H3O12Rb4S8Te2,False
61852,H3O16P4V2,False
61858,H3O3Sc1,False
61862,H3O3Y1,False
61872,H3O6S1Sb1,False
61876,H3O8Rb1S2,True
61878,H3O9P3Sc2,True
61879,H3P1,False
61881,H3Pb1,False
61885,H3Pd1Zr2,False
61896,H3Sm1,True
61898,H3Tb1,True
61911,H40Mo6N2Na4O40Te1,False
61917,H48La2Mg3N12O60,True
61918,H48Mg3N2O30P4,True
61925,H4I1K2O5,False
61928,H4I1N4P1,False
61929,H4I1Na1O2,False
61937,H4I3N1O9,False
61947,H4K1Li1N2O6S2,False
61948,H4K1N4O14Sm1,True
61950,H4K1Na3,False
61959,H4K2Mg1,True
61960,H4K2Mg1Mo2O10,True
61971,H4K2Pt1,True
61977,H4K4Mo3O17,False
61984,H4Li1N1O4S1,True
61998,H4Li2O19P4V3,False
62002,H4Mg10O18Si3,False
62011,H4Mg1Rb2,False
62013,H4Mg1Ti1,False
62014,H4Mg2Ni1,True
62016,H4Mg3O5,False
62019,H4Mn1O10S2,False
62022,H4Mn1O9S2,False
62023,H4Mn2O6Si1,False
62025,H4Mn7O24P6,True
62027,H4Mo1O5,False
62034,H4N1O2P1S1,False
62045,H4N2O10Sn3,False
62052,H4N2Sr1,True
62059,H4Na1O8P1S1,False
62070,H4Na2O6W1,False
62076,H4Na4Pd1Pt1,True
62081,H4Ni1O5Se1,False
62101,H4O5Se1,True
62114,H4O8V3,False
62115,H4O9P2Rh1,False
62119,H4O9P2Zr1,False
62125,H4Pd3Sc1,False
62130,H4Sn1,False
62137,H54Mg8Yb19,True
62146,H5K1O10S2Zn1,False
62152,H5K3Mn1,False
62155,H5K3Pt1,False
62156,H5K3Zn1,False
62162,H5Li1Mn2O11P2,False
62176,H5N1O4P1,False
62185,H5N3Na3O7P3,False
62193,H5Na2O6P1,False
62201,H5O10P3Pr2,False
62202,H5O10Se2U1,False
62203,H5O13S3Y1,False
62206,H5O7P1V1,False
62208,H5O8P2Rb1,True
62210,H5O8Se2Sm1,False
62215,H5O9Se2U1,False
62217,H5Pt1Rb3,False
62218,H5Rb3Zn1,False
62222,H5W1,False
62226,H6Hg1I3N1O1,False
62246,H6K3N11Si6,True
62250,H6K3O8Pu1,True
62262,H6La2Li3N9O30,True
62266,H6Li1N1O6,False
62268,H6Li2Mn2O17P4,False
62271,H6Li2O6P1,False
62275,H6Li3Rh1,True
62276,H6Li4Mn1O18S4,False
62279,H6Mg1N1O5P1,False
62282,H6Mg1Sr2,False
62284,H6Mg2Os1,True
62287,H6Mg7O14Si2,False
62292,H6Mn1O6S1,False
62298,H6N1O2P1,False
62307,H6N2O4S1,False
62313,H6N3P1S1,True
62314,H6N4O4Pd1,False
62323,H6Na2O3P1Se3,False
62325,H6Na2O6Sn1,False
62332,H6Na6O19P4Zn3,False
62333,H6Nd1O12P3,False
62334,H6Nd1O15Re3,True
62347,H6O12P3Sc1,True
62352,H6O1Si2,False
62353,H6O3P1Rb2S3,False
62354,H6O5P2Zn1,False
62367,H6O9Rb1Se1V1,False
62375,H6S1Si2,False
62377,H6Th1Ti2,False
62383,H7I1O10S1,False
62384,H7K2O9P3,False
62385,H7K3O10P2,False
62389,H7La1Mg2Pd1,True
62390,H7La1Ni5,True
62391,H7La2O11P3,False
62402,H7N1O13P3Ti2,False
62404,H7N1O6Se2,False
62408,H7N2O4S1,False
62415,H7Na3Os1,True
62423,H7O8P3U1,False
62436,H8K1O18P4Yb1,False
62441,H8K2Mn1O16P4,False
62445,H8K2O16P4Zn1,False
62458,H8Li2O16P4V1,False
62465,H8Mg1O14P2V2,False
62469,H8Mg3Ti1,False
62474,H8Mn1O10P2,True
62480,H8Mo1N2O4,False
62487,H8N1O20Re4Sc1,False
62491,H8N2O10Zn1,True
62496,H8N2O4S1,True
62498,H8N2O5S2,False
62499,H8N2O5Se2,False
62504,H8N2S5,True
62505,H8N3O10S3Sm1,False
62506,H8N3O15Sm1,False
62507,H8N3O1P1S1,False
62521,H8Nd2O15P2S4,False
62523,H8Ni1O10V2,False
62524,H8Ni1O12P2Zn2,False
62525,H8Ni1O12Re2,False
62537,H8O6Pt1,False
62549,H9K2Re1,True
62550,H9K2Tc1,True
62553,H9Li15N8,True
62560,H9Na1O12Se2U1,False
62578,Hf1I3,True
62583,Hf1In1Pt2,False
62592,Hf1Ir2Yb1,True
62600,Hf1K2O6,False
62608,Hf1La2Se5,True
62609,Hf1La3,False
62619,Hf1Li3O3,False
62623,Hf1Lu1Ru2,True
62629,Hf1Mg1N2,True
62636,Hf1Mg30Na1O31,False
62647,Hf1Mg30O32Y1,False
62655,Hf1Mn1,False
62660,Hf1Mn1Si2,True
62664,Hf1Mo1P1,True
62666,Hf1Mo1Si1,True
62670,Hf1Mo4Ti1,False
62673,Hf1Mo6Nd1O24Rb5,True
62679,Hf1N2Na2,False
62687,Hf1N3Ta2,False
62689,Hf1Na1O4Sc1,True
62695,Hf1Nb1P1,True
62698,Hf1Nb2Zr1,False
62702,Hf1Nd3Sb5,True
62703,Hf1Ni1,True
62707,Hf1Ni1Sb1,False
62711,Hf1Ni2Sb1,False
62714,Hf1Ni2Zn1,True
62722,Hf1O1S1,False
62724,Hf1O2Si2,False
62725,Hf1O3Pb1,False
62726,Hf1O3Pr1,False
62729,Hf1O3Th1,False
62741,Hf1O6Sr2Ti1,False
62742,Hf1O6Sr4,False
62746,Hf1O8W2,False
62747,Hf1O9P2,False
62750,Hf1Os1Si1,True
62754,Hf1Os2Zr1,False
62755,Hf1Os3,False
62775,Hf1Pm3,False
62777,Hf1Pr3,False
62785,Hf1Rb2S4,True
62795,Hf1Rh2Sb2Zr1,False
62801,Hf1Ru1,True
62805,Hf1Ru2Si1,True
62813,Hf1S1Si1,True
62846,Hf1Si1V1,True
62848,Hf1Si1W4,False
62857,Hf1Ta1V4,False
62858,Hf1Tb1,False
62863,Hf1Tc2Zr1,True
62872,Hf1Tl1,False
62873,Hf1Tl3,False
62876,Hf1W2,True
62879,Hf1Zn1,False
62885,Hf1Zr1,True
62889,Hf27P10Si6,False
62899,Hf2Ir1Mn1,True
62904,Hf2Ir1Rh1,True
62905,Hf2Ir1Ru1,False
62918,Hf2Mn1Os1,False
62922,Hf2Mo1Sr1,False
62923,Hf2Mo3Si1,False
62926,Hf2Mo7O28Tb2,True
62927,Hf2Mo7O28Y2,False
62930,Hf2N2S1,True
62934,Hf2Na2O5,True
62936,Hf2Ni1,False
62947,Hf2O13Pb4Sb2,True
62948,Hf2O5Rb2,True
62955,Hf2Os1Re1,False
62964,Hf2Pd1Sb3,False
62968,Hf2Re1Ru1,False
62970,Hf2Re1Zn1,True
62975,Hf2Ru1V3,True
62997,Hf3Mn4Si6,True
63003,Hf3N2,True
63017,Hf3P2,True
63018,Hf3P3Pd4,False
63021,Hf3Pt1,False
63022,Hf3Pu1,False
63023,Hf3Rb4S14,True
63027,Hf3Sc1Si4,False
63030,Hf3Si2,True
63040,Hf4La3O14Y1,False
63042,Hf4Ni1P1,False
63045,Hf4O15Pb5Ti1,False
63050,Hf5K4O12,True
63054,Hf5P7Pd9,True
63057,Hf5Sb3,True
63073,Hf7Ni10,False
63083,Hf9Mo4P1,True
63088,Hf9O3W4,False
63092,Hf9Re4Se1,True
63105,Hg1Ho1,True
63106,Hg1Ho2In1,False
63110,Hg1Ho2Zn1,False
63129,Hg1I6Tl4,False
63137,Hg1In1Sm2,True
63138,Hg1In1Sr2,False
63148,Hg1In2Te4,True
63158,Hg1K2Na1,False
63159,Hg1K2O2,True
63164,Hg1K2Se4Sn1,True
63174,Hg1La1Pd1,True
63176,Hg1La2Sn1,False
63179,Hg1La3,False
63180,Hg1Li1,True
63200,Hg1Lu2Zn1,False
63202,Hg1Mg1,True
63204,Hg1Mg1O3,False
63205,Hg1Mg1Pd2,True
63211,Hg1Mg2Sn1,False
63218,Hg1Mn1S2,False
63231,Hg1N2O3,False
63236,Hg1N6,False
63239,Hg1Na1Pd2,True
63240,Hg1Na1Rb2,False
63250,Hg1Na3,False
63254,Hg1Nd2O4,True
63255,Hg1Nd2Pb1,False
63256,Hg1Nd2Sn1,False
63259,Hg1Nd3,False
63260,Hg1Ni1,False
63261,Hg1Ni1O2,False
63263,Hg1Np1O3,False
63266,Hg1O10V4,False
63270,Hg1O2Rb2,True
63272,Hg1O3Os1,False
63295,Hg1O6Sb2,True
63296,Hg1O6Te2,False
63297,Hg1O6V2,True
63300,Hg1O8P2Pd2,False
63302,Hg1Os1,False
63310,Hg1P1Rh1,False
63312,Hg1P1Se3,True
63316,Hg1Pa3,False
63318,Hg1Pb1Sm2,False
63330,Hg1Pd2Y1,False
63345,Hg1Pt1,False
63363,Hg1Sb1Sr2,False
63366,Hg1Sc1W2,False
63379,Hg1Sm3,True
63385,Hg1Sn3,False
63388,Hg1Sr2Zn1,False
63389,Hg1Sr3,True
63396,Hg1Th1,False
63401,Hg1Tl1,True
63405,Hg1Tl3,False
63407,Hg1Tm2Zn1,False
63416,Hg1Zr3,True
63422,Hg2Ho1Mg1,True
63423,Hg2Ho1Sm1,True
63429,Hg2I1Na1O2,True
63438,Hg2In1Pu1,True
63439,Hg2In1Sn1,False
63444,Hg2K1,True
63452,Hg2La1Na1,True
63455,Hg2La1Sr1,False
63456,Hg2La1Tl1,False
63458,Hg2Li1Lu1,False
63459,Hg2Li1Mg1,True
63475,Hg2Li1Zn1,False
63479,Hg2Lu1Tb1,True
63485,Hg2Mg1Nd1,True
63492,Hg2Mg1Th1,True
63498,Hg2Mn2O7,False
63501,Hg2Mo5O16,False
63502,Hg2N1,False
63507,Hg2Na1Pb1,False
63512,Hg2Na1Sm1,True
63515,Hg2Na3,True
63537,Hg2O7Pt2,True
63539,Hg2O7Se2,False
63541,Hg2O7V2,True
63543,Hg2O8P4Pd1,False
63545,Hg2Pb1Sr1,True
63556,Hg2S1Se1,False
63567,Hg2Sn2Sr1,True
63569,Hg2Sr1Tl1,True
63574,Hg2Tb1Y1,False
63576,Hg2Th1,True
63578,Hg2Tm1Y1,False
63580,Hg2U1,False
63588,Hg3I2Te2,True
63599,Hg3Li1,False
63602,Hg3Mn1,False
63609,Hg3Nd1,True
63610,Hg3O10Se1Te2,False
63612,Hg3O11S2,False
63618,Hg3O6Te1,True
63635,Hg3S4Tl2,True
63645,Hg3Tl1,True
63650,Hg3Yb1,True
63654,Hg45Nd11,False
63656,Hg45Sm11,False
63657,Hg48K29Na1,False
63661,Hg4Mn1S5,False
63663,Hg4N6O19Pb2,True
63664,Hg4Ni1,False
63666,Hg4O7P2,True
63669,Hg4Pt1,True
63682,Hg5Mn2,False
63684,Hg5Pd2,False
63696,Hg9Li6Yb17,True
63707,Ho12Ni6Pb1,True
63708,Ho12S28Si5,False
63718,Ho1In1,True
63719,Ho1In1Ir1,True
63728,Ho1In1Pt1,True
63731,Ho1In1Rh1,True
63732,Ho1In1Zn1,True
63750,Ho1Ir1Sn1,True
63753,Ho1Ir2Pm1,True
63754,Ho1Ir2Si2,True
63757,Ho1Ir2Y1,False
63758,Ho1K1Mo2O8,True
63760,Ho1K1O12P4,False
63767,Ho1K2O8P1W1,True
63782,Ho1Li1O3,False
63790,Ho1Li1Tl2,True
63791,Ho1Li2Tl1,True
63792,Ho1Li3,False
63799,Ho1Lu1Tl2,False
63803,Ho1Mg149,True
63808,Ho1Mg1O6Sn2,False
63810,Ho1Mg1O6V2,False
63815,Ho1Mg1Se3,False
63818,Ho1Mg1Tl2,False
63830,Ho1Mn12,True
63836,Ho1Mn2O5,True
63840,Ho1Mn6Sn6,False
63852,Ho1N3O10,False
63854,Ho1N7O15,False
63859,Ho1Na1O8Pd6,True
63860,Ho1Na1S2,True
63863,Ho1Na2Nb5O15,False
63865,Ho1Na2O8P1W1,False
63870,Ho1Nb1Os2,False
63871,Ho1Nb1Ru2,True
63876,Ho1Nd3O14Zr4,False
63887,Ho1Ni2O6Zn1,False
63893,Ho1Ni4Si1,True
63894,Ho1Ni5,True
63899,Ho1O12Y7,False
63900,Ho1O14P5,True
63912,Ho1O3Rh1,True
63914,Ho1O3Sc1,False
63931,Ho1O6Ru1Sr2,True
63937,Ho1O6Sr2U1,False
63963,Ho1P1S4,True
63971,Ho1Pb1Rh2,True
63977,Ho1Pd1Zn1,True
63980,Ho1Pd2Si1,True
63983,Ho1Pd2Tm1,False
63990,Ho1Pm1Tl2,True
63991,Ho1Pm1Zn2,True
63995,Ho1Pr1Zn2,False
64001,Ho1Pt1Sn1,True
64002,Ho1Pt2,False
64016,Ho1Rh1Zn1,True
64026,Ho1Rh2Yb1,True
64035,Ho1Ru2Th1,True
64039,Ho1S1,True
64047,Ho1Sb3,False
64049,Ho1Se1,True
64055,Ho1Si2,False
64066,Ho1Tb1,False
64074,Ho1Te3U1,False
64092,Ho1Zn12,False
64110,Ho2Ir1Zn1,False
64112,Ho2Li1Os1,True
64113,Ho2Li1Pt1,False
64117,Ho2Mg1,True
64123,Ho2Mg1Se4,False
64126,Ho2Mg1Tl1,False
64129,Ho2Mn1Ni1O6,True
64131,Ho2Mn1Os1,False
64141,Ho2Nb1O7Sc1,False
64145,Ho2Ni17,False
64148,Ho2Ni1Sb4,False
64173,Ho2O7Pb2,True
64174,Ho2O7Pt2,True
64176,Ho2O7Sb2,False
64177,Ho2O7Si2,True
64182,Ho2O8P1V1,False
64183,Ho2O9Se3,True
64186,Ho2Os1Rh1,False
64187,Ho2Os1Ru1,False
64191,Ho2Pb1S4,True
64195,Ho2Pd1Si3,True
64204,Ho2Rh3Si5,True
64216,Ho2Se4Yb1,False
64217,Ho2Si4Ti3,True
64222,Ho2Zn17,True
64230,Ho3La1Mn8O20,False
64238,Ho3N1Se3,True
64241,Ho3Nd1,False
64248,Ho3O12Sb5,True
64254,Ho3O7Ta1,True
64267,Ho3Pr1S6,True
64269,Ho3Pt23Si11,True
64274,Ho3Ru4Si12,True
64275,Ho3S6Tl1,False
64281,Ho3Sn7,True
64283,Ho3Th1,False
64286,Ho3Yb1,False
64289,Ho4In1Rh1,True
64291,Ho4In5S13,False
64306,Ho5In4Pt2,True
64308,Ho5Ir4Si10,True
64310,Ho5Mg24,False
64317,Ho5O12Re2,True
64318,Ho5O17Ti5,False
64320,Ho5Pb3,True
64328,Ho5Sb2Si2,True
64338,Ho6Ni2Sn1,False
64342,Ho6Zn23,False
64358,I10Pb1Tl6,False
64359,I10Pt1Y6,True
64365,I12K4O1Ti4,False
64368,I12La6Os1Sr1,True
64372,I12Pt1Tb7,True
64374,I12Rh1Tb7,True
64379,I14K1Zr6,False
64380,I14K4La6Os1,True
64382,I14P1Zr6,True
64384,I15La10Os2,True
64387,I19Nb7S2,True
64388,I1In1,True
64404,I1K2O9,False
64405,I1K3O1,True
64409,I1K4P21,True
64411,I1La1,True
64415,I1La1S1,True
64417,I1La2Ni2,True
64426,I1Li1O3,True
64431,I1Li6P1S5,False
64433,I1Lu1O1,True
64440,I1Mn3,False
64454,I1N2O6,False
64460,I1Na1O2,False
64473,I1Nb2Te6,True
64475,I1Nb3Se12,True
64485,I1Ni3,False
64489,I1O10Pu2,True
64490,I1O12P3Pb5,False
64498,I1O1Tm1,True
64503,I1O2Pb2,False
64510,I1O4P1Sr2,True
64515,I1O5Rb3,True
64519,I1O7Sb5,False
64532,I1Pm1,False
64533,I1Pm3,False
64541,I1Ru1,False
64556,I1Se4Tc3,True
64557,I1Se8Ta2,True
64576,I2K2Mo1O12U1,True
64580,I2K5Na1O22Ru1,False
64581,I2K9Li3O13,False
64584,I2La2O4Si1,False
64589,I2Li5S3Sb1,True
64590,I2Lu2O1,False
64592,I2Mg1O16,False
64606,I2Ni1,True
64628,I2O6Pb1,True
64630,I2O6S1,True
64638,I2P1,True
64646,I2Pt1,True
64647,I2Pu1,True
64650,I2S1Tl2,False
64651,I2Sc1,False
64654,I2Sm1,False
64658,I2Te2Th1,True
64659,I2Th1,False
64660,I2Ti1,False
64663,I2W1,True
64666,I2Zr1,True
64672,I3In1Rb1,False
64689,I3La1,True
64698,I3La5Si5,True
64701,I3Li2O9Rb1,True
64711,I3Mo1,False
64718,I3Nb10Se40,True
64721,I3Nb1Te1,True
64722,I3Nd1,True
64724,I3Nd1O9,True
64725,I3Np1,True
64740,I3O9Sc1,True
64741,I3O9Sm1,True
64747,I3O9Yb1,True
64753,I3Pb2S2Sb1,False
64757,I3Pr3Ru1,True
64771,I3Rh1,True
64776,I3Sb1,True
64791,I3V1,True
64792,I3W1,False
64798,I4In1Li1,True
64807,I4La1Nd1,False
64808,I4La1O12,False
64814,I4Mo1Nd1O15,False
64815,I4Mo1O15Sm1,False
64816,I4Na1O12Y1,True
64820,I4Nb4Te17,True
64836,I4Sn1,True
64849,I5In3Sn1,True
64851,I5K1Sm2,False
64856,I5K2Nd1,True
64863,I5La1O16V1,True
64865,I5La1Sr1,False
64871,I5Nb1,True
64873,I5Nd2Rb1,False
64886,I5Sb1Se2Sn3,False
64891,I5Ta1,True
64892,I5Ta2,False
64893,I6In1K1Rb2,False
64895,I6In1K2Sb1,False
64901,I6In1O18Rb2,False
64904,I6In1Rb2Sc1,False
64908,I6K1Rb2Sc1,False
64919,I6K2Na1Pr1,False
64924,I6K2Na1Y1,False
64927,I6K2Pt1,True
64930,I6K2Rb1Y1,False
64937,I6K3Sb1,False
64940,I6K3Tl1,False
64941,I6K3Y1,False
64970,I6O18Rb2Zr1,True
64978,I6Pb1Th1,False
64992,I6Rb3Sb1,False
65002,I6Sn1Tl4,False
65003,I6Sn1U1,False
65012,I7N2Na1Pr4,True
65024,I8La2Mg1,False
65028,I8O25Pr30Se58Ti24,True
65031,I8S1Se8Ta4,True
65035,I9La1Sr3,False
65050,In11Rb8,True
65064,In1Ir1Si1,False
65067,In1Ir1Tb4,True
65073,In1K1Mg1Mo3O12,True
65074,In1K1Mo2O8,True
65086,In1K1Se4Sn1,True
65090,In1K2Na1P2,True
65094,In1K2P2Se8,True
65119,In1La2Ni2,True
65129,In1Li1,True
65132,In1Li1Mg2,False
65149,In1Li1Sr2,False
65157,In1Li2O8P2,False
65159,In1Li2Pd1,True
65160,In1Li2Pm1,True
65161,In1Li2Pr1,True
65165,In1Li2Sc1,False
65168,In1Li2Sn1,True
65172,In1Li2Y1,True
65186,In1Lu1Ni4,True
65187,In1Lu1O6,False
65188,In1Lu1Pd1,True
65199,In1Lu3,False
65200,In1Lu3N1,True
65212,In1Mg1Rh2,True
65213,In1Mg1S3,False
65231,In1Mn1Nd1,False
65247,In1Mn6Sn5Tm1,False
65249,In1Mo1S2,False
65252,In1Mo2O8Tl1,True
65253,In1Mo3Se3,False
65256,In1Mo6Na1Se6,False
65260,In1N1,True
65271,In1N3O12S3,False
65291,In1Na3O4Rb2,True
65296,In1Na4O24Sc3Si8,False
65303,In1Nb1O4,False
65304,In1Nb1O6Pb2,False
65310,In1Nb1Ru2,True
65317,In1Nd12Ni6,True
65318,In1Nd12Pt7,True
65319,In1Nd1Ni1,True
65323,In1Nd1Pd1,True
65330,In1Nd1Zn1,True
65331,In1Nd2,False
65337,In1Nd3,True
65340,In1Nd6S12Ti1,False
65342,In1Ni1O6Sr3,True
65351,In1Ni2Np2,False
65354,In1Ni2Pm1,True
65357,In1Ni2Pu2,False
65358,In1Ni2Sc1,True
65359,In1Ni2Sc2,True
65360,In1Ni2Sm2,True
65368,In1Ni2Y2,True
65379,In1Np2Pd2,False
65390,In1O2,False
65408,In1O3Tb1,False
65427,In1O7P2Rb1,True
65430,In1O8P2Rb3,True
65447,In1P3Rb6S14,True
65455,In1Pb1Rh3S2,True
65465,In1Pd1U1,False
65468,In1Pd2,True
65472,In1Pd2Pu2,False
65474,In1Pd2Sc2,True
65490,In1Pd3,True
65492,In1Pm1Pt2,True
65495,In1Pm2Zn1,True
65500,In1Pr1Rh1,True
65507,In1Pr3Se6,True
65514,In1Pt1U1,False
65516,In1Pt1Y1,True
65526,In1Pt2U2,True
65531,In1Pt4Tb1,False
65545,In1Rh1Tm1,True
65549,In1Rh1Yb1,True
65557,In1Rh2Y1,True
65559,In1Rh2Zn1,True
65572,In1S4Si1Tl1,True
65577,In1S6Tm3,False
65581,In1S8Ti5,True
65590,In1Sc2,True
65595,In1Se2Ta1,True
65596,In1Se2Tl1,True
65597,In1Se4Sn3,False
65601,In1Sm1Zn1,True
65606,In1Sn1Te2,False
65614,In1Sr3,False
65615,In1Tb2,True
65619,In1Te2Tl1,True
65631,In1Tm2,True
65636,In1Y2,True
65646,In1Zr3,True
65651,In20Ni9Tm10,False
65663,In2Ir1,True
65668,In2Ir1Sm1,True
65673,In2K2Sb3,True
65674,In2K4O21Si8,True
65677,In2La1Ni9,True
65685,In2Li1Ni1,False
65687,In2Li1Pm1,True
65688,In2Li1Pt1,True
65690,In2Li1Ru1,False
65692,In2Li1Sm1,False
65694,In2Li1Tm1,True
65695,In2Li2S6Si1,False
65697,In2Li3,True
65705,In2Lu1Tb1,True
65706,In2Lu1Tm1,True
65707,In2Lu1Y1,False
65708,In2Lu1Yb1,False
65711,In2Mg1S4,True
65724,In2Mn2O7,True
65732,In2Na1,False
65752,In2Ni21P6,True
65760,In2O15Se6,True
65768,In2O5Sr2,False
65782,In2O9Sr3U1,False
65785,In2P3S9,True
65791,In2Pd1Sm1,True
65794,In2Pd1Tm1,True
65795,In2Pd1Yb1,True
65803,In2Pr1Y1,False
65807,In2Pt3,True
65812,In2Rh1Yb1,True
65816,In2S4Yb1,False
65821,In2S7Sn3,False
65837,In2Sr1Te4,True
65841,In2Te5,True
65843,In2Zr1,True
65849,In3La1,True
65850,In3La2Sn3,True
65854,In3Li4O24Sc1Si8,False
65856,In3Mg1,False
65863,In3Na1,True
65865,In3Na4O24Sc1Si8,False
65869,In3Nd2Sn3,True
65873,In3Np1,False
65879,In3Pb1,False
65883,In3Pd5,True
65889,In3Pt1,False
65901,In3Rh3Y14,True
65903,In3S1,False
65906,In3S5Tl1,True
65914,In3Se4V1,False
65925,In3Sr1,False
65936,In3Yb1,True
65940,In40Ni19Tb20,False
65942,In41K17,True
65944,In48K3Na26,True
65947,In4K14O13,True
65960,In4Ni1Yb1,True
65968,In4Pb1Sr3,False
65971,In4Pd1Yb1,True
65977,In4Pt3Sr2,True
65986,In4Se4Sn1,False
65988,In4Te3,True
65993,In5Ir1Pr1,True
65998,In5La4S13,False
66037,In5Ti8,False
66038,In5Y3,True
66042,In6O12Re1,False
66045,In6Pb1Te10,True
66054,In7Pd3,True
66059,In7Te10,True
66066,In8Pd1Pr2,True
66068,In8Rh1U2,True
66072,In9K4Si14,False
66085,Ir13Sc57,False
66090,Ir1K1Li6O6,True
66092,Ir1K2Na2O4,True
66093,Ir1K2Nd2O7,True
66096,Ir1K3Li1O4,True
66102,Ir1La1Si3,True
66103,Ir1La1Sn1,True
66104,Ir1La2Li1,False
66105,Ir1La2Li1O6,True
66112,Ir1La3,True
66113,Ir1La3O7,True
66116,Ir1Li1Lu2,True
66117,Ir1Li1Mg1,False
66119,Ir1Li1Nd2,False
66126,Ir1Li1Pr2,False
66130,Ir1Li1Sn4,True
66138,Ir1Li2O3,True
66141,Ir1Li8O6,False
66148,Ir1Lu2Rh1,True
66159,Ir1Mg1O6Sr3,True
66160,Ir1Mg1Pr4,True
66168,Ir1Mg2Mn1O6,False
66179,Ir1Mn1,True
66180,Ir1Mn1O6Zn2,False
66182,Ir1Mn1Si1,True
66202,Ir1N6O12Tl3,False
66210,Ir1Na1O6Sr3,True
66216,Ir1Nb1,True
66232,Ir1Nd1Sn1,True
66234,Ir1Nd2Pd1,False
66237,Ir1Nd2Zn1,False
66252,Ir1Np1Sn1,True
66255,Ir1O3Pu1,False
66256,Ir1O3Rb1,False
66261,Ir1O4Sr2,True
66271,Ir1O6W1,False
66297,Ir1Pd1Tb2,True
66303,Ir1Pm2Ru1,True
66305,Ir1Pr1Sb1,True
66306,Ir1Pr1Si1,True
66313,Ir1Pt3,False
66326,Ir1Rh1Y2,True
66329,Ir1Ru1Sc2,True
66332,Ir1Ru1Ti2,False
66333,Ir1Ru1Tm2,True
66344,Ir1Sb1Yb1,True
66348,Ir1Sc1Si1,True
66357,Ir1Se3,False
66373,Ir1Si3Th2,True
66374,Ir1Si3U1,False
66375,Ir1Si3Y1,True
66384,Ir1Sn1Y1,True
66396,Ir1Tc1,True
66409,Ir1Tm2Zn1,False
66419,Ir1Yb2Zn1,False
66422,Ir1Zr1,True
66427,Ir2K1P2,True
66432,Ir2La1Si2,True
66434,Ir2La3,True
66440,Ir2Li1Sn1,True
66448,Ir2Lu1Y1,False
66449,Ir2Lu5,True
66450,Ir2Mg1,False
66451,Ir2Mg1Mn1,False
66456,Ir2Mg1Ti1,True
66474,Ir2O12Ru1Sr6,False
66475,Ir2O4Zn1,False
66494,Ir2Pu1,False
66500,Ir2Se5Sn1,True
66509,Ir2Sm1Tb1,False
66515,Ir2Tb1,True
66516,Ir2Tb1Tm1,False
66519,Ir2Tc1Tl1,False
66523,Ir2Tm1Y1,False
66524,Ir2U1,False
66539,Ir3Li1,True
66541,Ir3Mg13,False
66542,Ir3Mg1Si7,True
66547,Ir3Mo1,True
66548,Ir3Na4O12Y2,True
66563,Ir3Pr1,False
66564,Ir3Pr1Si2,True
66565,Ir3Pr2Sb4,True
66570,Ir3Rh1,True
66577,Ir3Se8,True
66583,Ir3Si5Y2,True
66607,Ir4Lu5Si10,True
66609,Ir4Mo1,False
66616,Ir4Sc5Si10,True
66617,Ir4Se31U12,True
66624,Ir4Sn4Sr3,True
66645,K10Mn4S17Sn4,True
66647,K10S17Sn4Zn4,True
66652,K13N19Na2W7,False
66654,K15Mo7N19,True
66655,K15N19Os7,False
66656,K15N19Re7,True
66661,K16Pd1Tl22,True
66665,K1La1Mg14,False
66669,K1La1Na1Nb1O5,True
66685,K1La1Te2,True
66704,K1Li1O10P2Ti2,False
66711,K1Li1O4Zn3,True
66715,K1Li1O7P2Zn1,True
66722,K1Li1Te1,True
66730,K1Li3O4Pb1,True
66731,K1Li4Nb1O5,True
66739,K1Lu1O7Ta2,False
66743,K1Mg14Mn1O16,False
66747,K1Mg14Si1,False
66750,K1Mg1O3,False
66759,K1Mg30O31Rb1,False
66760,K1Mg30O32Sb1,False
66763,K1Mg30O32W1,False
66774,K1Mg6O24P7,True
66775,K1Mg6O7Rb1,False
66776,K1Mg6Sb1,False
66778,K1Mg6Sn1,False
66792,K1Mn1O4V1,False
66798,K1Mn1Sb1,False
66800,K1Mn1Te2,False
66804,K1Mn3O6,True
66807,K1Mn5O18Se6,True
66808,K1Mn6O12,True
66810,K1Mn8O16,True
66819,K1Mo1O4,False
66820,K1Mo1O5Sb1,False
66826,K1Mo2Na1O6,False
66836,K1Mo2O8Sb1,False
66840,K1Mo2O8Tm1,True
66841,K1Mo2O8Y1,True
66843,K1Mo3O9,False
66848,K1Mo4O8,True
66852,K1Mo8O12,False
66854,K1N1O2,True
66855,K1N1O2Se1,False
66861,K1N1Zn1,False
66864,K1N2O5Pt1,False
66866,K1N2Ru1,False
66873,K1N3O11Zr1,False
66878,K1N4O8Ru1,False
66883,K1Na1Nb1Nd1O5,True
66884,K1Na1Nb1O5Pr1,True
66886,K1Na1Nb2O6,False
66890,K1Na1O13Si5Sn1W3,False
66891,K1Na1O16Si5Sn1,False
66892,K1Na1O24P6Pb8,True
66895,K1Na1O2Zn1,True
66897,K1Na1O3Ti1,True
66900,K1Na1O5Si2,False
66904,K1Na1O6W2,False
66907,K1Na1Rb2,False
66908,K1Na1S1,True
66916,K1Na2O24Si8Tb1,False
66919,K1Na2Pb1,False
66920,K1Na2Rb1,False
66924,K1Na3O5W1,True
66926,K1Na4Sb3Sn1,False
66936,K1Nb1O6W1,True
66952,K1Nb5O13,False
66954,K1Nb5O15Sr2,False
66958,K1Nd1O12P4,True
66962,K1Nd1O8S2,True
66963,K1Nd1O8Se2,True
66966,K1Nd1Te2,True
66977,K1Ni1P1S4,True
66978,K1Ni2S2,False
66989,K1O11P1V2,False
66991,K1O11Si3Ti1,False
66992,K1O11V6,False
67012,K1O13P4Ta1,True
67013,K1O13Sb5,True
67014,K1O13Ta5,True
67015,K1O13W5,False
67019,K1O15Pb2Ta5,False
67024,K1O1Rb1,False
67030,K1O24P6Rb1Ti4,False
67031,K1O24P7V4,False
67040,K1O2Ru1,False
67044,K1O2Sn1,False
67052,K1O30V12,False
67056,K1O3P1,True
67060,K1O3Pd1Pr1,False
67061,K1O3Pd1Sm1,False
67066,K1O3Re1,False
67067,K1O3Rh1,False
67068,K1O3Ru1,False
67073,K1O3Si1,False
67075,K1O3Ta1,True
67094,K1O4Re1,True
67098,K1O4Se1,False
67099,K1O4Si2,False
67102,K1O4Tc1,True
67105,K1O5P1Sn1,True
67108,K1O5S2Ti2Y2,False
67110,K1O5Sb3,True
67121,K1O6Ta2,False
67126,K1O6U1V1,True
67134,K1O7P2Zn1,False
67135,K1O7Sb1Zn4,False
67137,K1O7Si1U1,False
67138,K1O7Si2Ta1,True
67140,K1O7Ta1W1,False
67145,K1O8P2,False
67148,K1O8P2Zn2,False
67163,K1O8Sm1W2,True
67164,K1O8Ta1V2,False
67178,K1P1Pd1S4,True
67179,K1P1S3,True
67180,K1P1S4Sn1,True
67186,K1P1Se6Zr1,False
67194,K1P2S7V1,False
67199,K1Pb1,True
67201,K1Pb2,True
67209,K1Pr3,False
67211,K1Pt2S3,True
67221,K1S2Sb1,True
67222,K1S2Sm1,True
67226,K1S2Y1,True
67229,K1S3,True
67232,K1S4Sn1,True
67250,K1Se3,False
67253,K1Se6U2,True
67261,K1Sn1Y1,False
67264,K1Sr3,False
67270,K1Te6Th2,True
67272,K1Tl1,False
67274,K1Tl3,False
67276,K1Yb3,False
67277,K1Zn13,True
67278,K24Se91Zr18,False
67284,K2La1P2Se7,True
67286,K2La2S9Sb2,True
67289,K2Li14O14Zr3,True
67292,K2Li1Nb6O24P3,False
67293,K2Li1O10P3,False
67299,K2Li1Te2,False
67302,K2Li3Mn1O4,False
67308,K2Lu1O8Rb1V2,True
67314,K2Mg1O2,True
67320,K2Mg2O3,False
67323,K2Mg5O30Si12,True
67335,K2Mn1P2Se6,False
67338,K2Mn1Se4Sn1,True
67341,K2Mn2Mo3O12,True
67342,K2Mn2O12S3,True
67345,K2Mn2O3,True
67348,K2Mo15S19,False
67353,K2Mo1O10U2,False
67355,K2Mo1O12P2Sc2,True
67360,K2Mo1O8,False
67371,K2Mo2O5,False
67377,K2Mo3Ni2O12,True
67382,K2Mo3O15Te1,False
67383,K2Mo3O17S1,False
67389,K2N12Zn1,False
67392,K2N1O7S2,False
67400,K2N4O8Pd1,False
67410,K2Na1O3Tl1,True
67412,K2Na1Rb1,False
67414,K2Na2Nb1O12W3,False
67423,K2Nb1O10P2V1,True
67424,K2Nb1O6,False
67436,K2Nd1O8Rb1V2,True
67439,K2Ni1O10P2W1,True
67442,K2Ni3S4,True
67443,K2Ni3Se4,True
67445,K2Np1O4,True
67463,K2O12P3Sn1Yb1,False
67471,K2O12P4Sr1,True
67478,K2O12Te3,False
67479,K2O12Te3Ti1,True
67507,K2O2Pb1,True
67510,K2O2Zn1,True
67516,K2O3Si1,True
67517,K2O3Sn1,True
67523,K2O3Ti1,True
67528,K2O4Pu1,True
67529,K2O4Ru1,True
67536,K2O4W1,True
67539,K2O5Pu2,True
67543,K2O5Se2,True
67544,K2O5Si2,True
67557,K2O6Pb1,False
67561,K2O6Si2Zn1,True
67562,K2O6Sn1,False
67564,K2O7P2Pd1,True
67565,K2O7P2Sn1,True
67569,K2O7Re3Se4,False
67570,K2O7S2,True
67584,K2O8Pb1S2,True
67587,K2O8Rb1Sm1V2,True
67589,K2O8Rb1Tm1V2,True
67598,K2O9Si3Ti1,True
67607,K2P2S7Sm1,True
67611,K2P3Se9Th1,True
67613,K2Pb1Sb9Se15,False
67614,K2Pd1,False
67615,K2Pd1S2,True
67616,K2Pd1Se10,True
67622,K2Pt1,False
67628,K2Pt1Te2,True
67631,K2Re3S6,True
67632,K2Re3Se6,True
67637,K2S3,True
67638,K2S3Sn1,True
67642,K2S4Zr1,True
67644,K2S5Sn2,True
67645,K2S6Ta3,True
67654,K2Se4Zn3,True
67656,K2Se5Sn2,True
67660,K2Sn1,False
67661,K2Sn1Te3,True
67670,K3La1P2S8,True
67671,K3La1P2Se8,True
67672,K3La2N9O27,True
67678,K3Li1O16Ti7,False
67682,K3Li1Si4,False
67687,K3Li3O6Te1,True
67695,K3Mn1,False
67700,K3Mn5O30Si12,False
67704,K3Mo1O8Re1,False
67706,K3Mo2Np1O10,True
67712,K3Mo5Na5O20V3,False
67713,K3Mo5Na5O24V3,False
67716,K3Mo7Na5O20V1,False
67718,K3N1,False
67719,K3N11P6,True
67727,K3N6O12Rh1,False
67751,K3Nb3O13Si2,False
67754,K3Nb8O21,False
67757,K3Nd1O17Si7,True
67765,K3O10S2V1,False
67771,K3O13Si2Ta3,True
67776,K3O17P3Te1,False
67779,K3O1P1S4,False
67788,K3O40P1W12,False
67796,K3O7Si2Sm1,True
67797,K3O7Si2Tb1,True
67798,K3O7Si2Tm1,True
67817,K3P5Ru1Se10,True
67820,K3Pd1,False
67835,K3Sb1Te3,True
67837,K3Sc1,False
67856,K3Zr1,False
67857,K49Tl108,True
67865,K4Mn1Mo3O12,True
67877,K4Mo3Na4O20W5,False
67879,K4Mo4O16Th1,True
67885,K4Mo7Na4O20V1,False
67886,K4Mo7Na4O20W1,False
67894,K4N8O34P8Tm1,False
67901,K4Na4Nb3O20W5,False
67906,K4Nb2O1Se11,True
67915,K4O12Sr1U3,True
67916,K4O12W3Zn1,False
67918,K4O14S3U1,True
67921,K4O15S10,False
67922,K4O16P1Se3,False
67927,K4O21Te2U5,False
67932,K4O3Pb1,True
67933,K4O3Sb2,False
67953,K4Pb9,False
67956,K4Se2Sn1Te2,True
67961,K4Sn23,True
67967,K5Mn3O6,False
67975,K5Na1Ni5O28P8,True
67980,K5Na3Nb2O24Ta6,False
67981,K5Na3Nb3O20Ta5,False
67989,K5Na3Nb5O24Ta3,False
67994,K5Na3Nb6O24W2,False
67998,K5Na3Nb7O24W1,False
67999,K5Na3Nb8O20,False
68000,K5Na3Nb8O24,False
68011,K5Sb3Sn1,False
68016,K6Mg1O4,True
68023,K6N4O3W2,False
68030,K6Ni5O35P10Sr2,True
68033,K6O1S6Ti2,True
68035,K6O25Sb14Se6,False
68036,K6O30Ta11,False
68039,K6O5Pb2,True
68057,K7Nb14O60P9,True
68059,K7O24S6Ta1,True
68068,K8N1O3,False
68073,K8O3Sb1,False
68074,K8O40Si12Sn1Zr3,False
68096,La10Se19,True
68103,La12Li9O48Sn8,False
68106,La12Ni6Pb1,True
68110,La14Mn13O42,False
68113,La14Mn17O60Sn3Sr6,False
68114,La14Mn17O60Sr6Ti3,False
68115,La14Si1Zn45,True
68116,La15Mn16O48,False
68125,La19O48Ru8,False
68139,La1Li1O9Sr1Ti3,False
68143,La1Li2Nb6O18,False
68152,La1Li3Sb2,True
68170,La1Mg1S3,False
68173,La1Mg1Tl1,True
68180,La1Mg2O6Ti1,False
68181,La1Mg2Pd1,True
68184,La1Mg2Si2,True
68205,La1Mn1O4Sr1,False
68208,La1Mn1O6Sb1Sr1,True
68211,La1Mn1O6Sr1Ti1,False
68216,La1Mn2Ni3,False
68217,La1Mn2O12Sr3Ti2,False
68229,La1Mn3O12V4,False
68234,La1Mn4Pr1Si4,True
68236,La1Mn4Si4Y3,False
68243,La1Mo1N3,True
68248,La1Mo2O8Rb1,True
68249,La1Mo2O9Sb1,True
68263,La1N1O5Pb1,False
68264,La1N1O5Ta2,False
68265,La1N1O8S2,False
68272,La1N3O15,False
68279,La1N3Tc1,True
68289,La1Na1O12Sr2Ti4,False
68296,La1Na1O6Sb1Sc1,False
68306,La1Na1Tl2,True
68310,La1Na3Nb2O12Ti2,False
68314,La1Na5O16W4,True
68322,La1Nb2O7,False
68324,La1Nb2O7Rb2,True
68325,La1Nb3O12Sr3,False
68326,La1Nb3O15Sr2Ti2,False
68329,La1Nb5O15Rb2,False
68335,La1Nd1Tl2,True
68343,La1Ni1O4Sr1,True
68344,La1Ni1O6Ru1Sr1,True
68345,La1Ni1O6Sr1Ta1,False
68350,La1Ni1Si1,True
68351,La1Ni1Si2,True
68355,La1Ni1Zn4,False
68368,La1Ni4Pt1,True
68372,La1Ni5P3,True
68373,La1Ni5Sn1,True
68375,La1Ni9Si4,True
68377,La1O1,False
68379,La1O11Sr2Ta3,False
68381,La1O12Sb5,True
68385,La1O12Sr3V3,False
68398,La1O1Sb1Zn1,True
68403,La1O2Tm1,False
68406,La1O30Sr9Ti10,True
68442,La1O6Ta1Ti1,True
68454,La1O8Tl1W2,False
68458,La1O9Ta3,True
68463,La1Os2Si2,True
68464,La1Os4P12,True
68469,La1P1Pt1,True
68473,La1P2,True
68477,La1P2S6Tl1,True
68483,La1P5,True
68490,La1Pd1Sb1,True
68502,La1Pd3,True
68507,La1Pm1Zn2,True
68510,La1Pr1Zn2,False
68514,La1Pt1Si1,True
68517,La1Pt2,True
68520,La1Pt2Yb1,True
68525,La1Rb1S4Si1,True
68535,La1Rh1Zn1,True
68553,La1S2,True
68555,La1S2Tm1,True
68556,La1S2U1,False
68559,La1S3Tm1,True
68566,La1S6Y3,True
68570,La1Sb1Se1,True
68575,La1Sc1Si1,False
68579,La1Se3,False
68589,La1Sn1,True
68590,La1Sn1Zn1,True
68597,La1Te1,True
68603,La1Tl1,True
68607,La1Tl3,True
68608,La1U3,False
68613,La1Yb1Zn2,True
68617,La1Zn13,True
68620,La1Zn4,True
68625,La23Mg4Pt7,False
68632,La2Li1Nb8O24,False
68634,La2Li1O6Re1,False
68637,La2Li1O6Ti1,False
68639,La2Li1Os1,True
68658,La2Mg1O6V1,True
68669,La2Mn1O2Se2,True
68673,La2Mn1O6Zn1,True
68674,La2Mn1O8Sr2Zn1,False
68676,La2Mn1Sb4,False
68684,La2Mn3O9Zn1,False
68688,La2Mo1O12Te3,True
68689,La2Mo1O5,False
68690,La2Mo1O6,True
68695,La2Mo6O35Te1,False
68709,La2Nb3O8S2,False
68717,La2Ni1O6Ti1,False
68725,La2Ni2O9Sr2Tl1,False
68726,La2Ni2Zn1,False
68727,La2Ni3,False
68731,La2O10Ti3Zn1,False
68732,La2O11Te4,True
68735,La2O13P4,False
68736,La2O13Th5,False
68746,La2O2S3Sn1,True
68751,La2O3,True
68752,La2O4Pd1,False
68763,La2O5Ti1,True
68770,La2O6Sb1Zn1,False
68778,La2O7Pr2,False
68780,La2O7Si2,True
68782,La2O7Sr1W1,True
68783,La2O7Tb2,False
68788,La2O8Se2Ta3,True
68794,La2O9Sr1Ti3,False
68802,La2Pb1Te4,False
68810,La2Ru1Zn1,False
68815,La2S5Si1,True
68829,La2Se5Zr1,True
68830,La2Se9U2,False
68836,La2Te3,True
68837,La2Te4U1,False
68844,La3Li1Mn1O7,True
68847,La3Li1O12Ti4,False
68867,La3Mg2O9Ta1,False
68868,La3Mn1O12Sr1,False
68872,La3Mn1S5,False
68879,La3Mn4O12Sr1,False
68880,La3Mn4O24Sr5W4,False
68887,La3N1Sn1,True
68890,La3N6Ta2,True
68893,La3Na3O30Sr4Ti10,False
68895,La3Nb1,False
68913,La3Ni7P5,False
68923,La3O12Ti4,False
68940,La3Pd4Sn6,True
68963,La3Sr1,False
68969,La3Tm1,False
68973,La3Zr1,False
68977,La4Li5Nb7O28Ti1,False
68982,La4Mg1Ru1,True
68983,La4Mg2O12Ru1Sr2,False
68986,La4Mn1O1Se6,True
68987,La4Mn1O8,False
68988,La4Mn3Ni1O12,False
68998,La4N2S3,True
69000,La4N2Te3,True
69011,La4O13Si3Sr1,True
69014,La4O19Ru6,True
69018,La4O2S12Ti5,False
69022,La4O7Pd1,False
69027,La4O8Ti1,False
69028,La4O9Sr3,False
69029,La4O9Zn3,False
69038,La4Sb1Te7,False
69046,La5Li4Nb2O26Ti6,False
69055,La5Mn1Pb3,False
69057,La5Mn5O18,False
69060,La5Mo32O54,False
69061,La5Mo4O16,False
69066,La5Ni1O16Re3,False
69075,La5P1Pb3,True
69087,La5S8Tl1,False
69091,La5Si4,False
69095,La6Li1Mn3O14,False
69097,La6Mg23P1,False
69104,La6Mn5O18,False
69105,La6Mo8O33,False
69108,La6Ni2Si3,False
69114,La6O5Se9Ti3,True
69118,La6Sb15Zn1,True
69121,La7Mn2Na2O30Ti8,False
69127,La7Mn8O30Sr3Ti2,False
69129,La7Na11O60Th2Ti20,False
69131,La7Nb3O30W4,False
69145,La7Pd3,True
69159,La8S15Sb2,True
69165,La9Na9O60Sr2Ti20,False
69174,Li10Mn3O16V5,False
69176,Li10Nb6O42Ti11,False
69177,Li10Ni1O10Si2,False
69186,Li10P2S12Sn1,False
69188,Li10P2Se12Sn1,True
69193,Li11Mn13O32,False
69194,Li11Mn6O16,False
69200,Li11Ni2O8,False
69205,Li11O40U4W8,False
69208,Li11O48Ti24,False
69209,Li11P5Ti1,False
69210,Li11Sb5Ti1,False
69229,Li13Mn3Nb2O16,False
69234,Li13Ni15O28,False
69235,Li13Ni9O22,False
69244,Li14Mn9O56P16,False
69254,Li15Mn2O12,False
69255,Li15Na1O48V16,False
69256,Li15Nb16O48,False
69265,Li17Nb18O54,False
69267,Li17Ni11O28,False
69286,Li1Lu2Pd1,False
69287,Li1Lu2Pt1,False
69288,Li1Lu2Re1,False
69297,Li1Mg14O15Rb1,False
69304,Li1Mg1Pb2,True
69307,Li1Mg1Pd2,True
69311,Li1Mg1Si3Sr2,True
69316,Li1Mg2Ni1,False
69317,Li1Mg2Pb1,False
69318,Li1Mg2Pd1,True
69325,Li1Mg30Mn1O32,False
69334,Li1Mg3O12W3,False
69346,Li1Mg7N5,False
69358,Li1Mn1O10Si4,False
69372,Li1Mn1O4Ti1,False
69379,Li1Mn1O8S2,False
69382,Li1Mn1P1,True
69385,Li1Mn1Rb1S2,False
69397,Li1Mn2O15P5,False
69405,Li1Mn2O8P2,False
69406,Li1Mn2O9P2,False
69413,Li1Mn3O13P3,False
69416,Li1Mn3O4,False
69425,Li1Mn5Na3O9,False
69447,Li1Mo1O7P2,True
69453,Li1Mo2O12P3,True
69461,Li1Mo2O8Y1,False
69466,Li1Mo3O6,False
69476,Li1Mo4O24P7,False
69492,Li1N1Sr1,True
69495,Li1N2Na5,False
69506,Li1N3Sn2,False
69514,Li1Na1O15Si6Zr1,True
69527,Li1Na2Ni3O6,False
69529,Li1Na2O6P1V1,False
69535,Li1Na3O9P2Sb1,False
69536,Li1Na4Nb5O15,False
69555,Li1Nb1O6U1,False
69559,Li1Nb1O8P2,False
69561,Li1Nb1Rh2,True
69564,Li1Nb1Se2,True
69572,Li1Nb7O48V12,False
69574,Li1Nb8O14,False
69579,Li1Nd1O6Ti2,False
69581,Li1Nd1O8W2,True
69586,Li1Nd1Tl2,True
69594,Li1Ni1O10P2Ti2,False
69605,Li1Ni1O4V1,False
69608,Li1Ni1O7P2,False
69613,Li1Ni1P1,False
69623,Li1Ni2O3,False
69634,Li1Ni3,False
69637,Li1Ni3O15P4,False
69652,Li1Ni9O10,False
69655,Li1Np1Ru2,True
69660,Li1O10Si4Ti1,False
69674,Li1O12P3V2,True
69676,Li1O12P3W2,True
69681,Li1O12P4Tb1,True
69683,Li1O12P4V1,True
69689,Li1O12S3Sn2,False
69690,Li1O12S3V1,False
69692,Li1O12Sb1Te2W1,False
69693,Li1O12Sb1Te3,False
69695,Li1O12Te2V1W1,False
69699,Li1O12Ti6,False
69713,Li1O15P5V2,False
69714,Li1O15P5W1,False
69721,Li1O16P5V2,False
69729,Li1O1Se2Ti1,False
69736,Li1O24P6Sb1Sn3,False
69744,Li1O24P7V6,False
69754,Li1O2Se2Ti1,False
69755,Li1O2Sm1,False
69757,Li1O2Ti1,True
69766,Li1O3,False
69774,Li1O3Re1,False
69780,Li1O3Sr1,False
69789,Li1O44V18,False
69790,Li1O4P1,False
69806,Li1O4Sc1V1,False
69811,Li1O4Si1Y1,True
69815,Li1O4Ti3,False
69825,Li1O5P1Ti1,True
69828,Li1O5Rb1W1,False
69834,Li1O5Ti1V1,False
69838,Li1O6P1Sr1V1,False
69849,Li1O6Sc1Si2,False
69857,Li1O6Ti2V1,False
69861,Li1O6W2,False
69889,Li1O8Si3Ti1,False
69894,Li1O8Tb1W2,True
69895,Li1O8Ti1V3,False
69898,Li1O8Ti4,False
69923,Li1P1Zn1,True
69930,Li1Pb1Pd2,True
69938,Li1Pd1,True
69940,Li1Pd1Si3,False
69949,Li1Pd2Si1,True
69953,Li1Pd2Ti1,True
69958,Li1Pd2Zr1,False
69960,Li1Pd7,True
69961,Li1Pm1Tl2,True
69973,Li1Pr1Zn2,False
69983,Li1Pt2,False
69985,Li1Pt2Si1,True
69987,Li1Pt2Th1,False
69991,Li1Pt2Zr1,True
70005,Li1Rh1Sc2,True
70014,Li1Rh2Sc1,False
70018,Li1Rh2Ta1,True
70027,Li1Ru1Sm2,False
70033,Li1Ru2W1,True
70044,Li1S2Y1,True
70051,Li1S4V2,False
70053,Li1S6Ti3,False
70057,Li1Sb1Te2,False
70058,Li1Sb1V1,False
70061,Li1Sb3,False
70062,Li1Sc1Si1,False
70064,Li1Sc1Tl2,True
70070,Li1Se2V1,False
70077,Li1Si1Y1,True
70079,Li1Si3,False
70080,Li1Si3Sr2,True
70086,Li1Sn1Tm1,True
70088,Li1Sn2Tb1,False
70097,Li1Tc1Th2,False
70103,Li1Te4Ti2,True
70109,Li1Tl2Yb1,False
70116,Li1Zn13,False
70122,Li22Si5,False
70125,Li23Ni17O40,False
70128,Li28Mg22N25,False
70132,Li2Mg1Mn3O8,True
70133,Li2Mg1Ni3O8,False
70139,Li2Mg1Pb1,True
70140,Li2Mg1Sb1,False
70145,Li2Mg2O11Si4,False
70146,Li2Mg2O12S3,True
70148,Li2Mg3O16Ti6,False
70151,Li2Mn1Nb1O4,False
70162,Li2Mn1O12P3V1,False
70173,Li2Mn1O4V1,False
70174,Li2Mn1O5P1,False
70182,Li2Mn1O8P2Sn1,False
70185,Li2Mn1O8Si3,False
70191,Li2Mn2Ni1O6,False
70194,Li2Mn2O11Si4,False
70211,Li2Mn3O10Si3,False
70214,Li2Mn3O12Se4,True
70216,Li2Mn3O14P4,False
70217,Li2Mn3O16P4,False
70218,Li2Mn3O16Si6,False
70259,Li2N1,False
70262,Li2N2Si1,True
70270,Li2N5O15Pr1,True
70271,Li2N5O15Sm1,True
70284,Li2Nb1O15P5,False
70292,Li2Nb2O13W2,False
70297,Li2Nb4O12Zn1,False
70298,Li2Nb4O13Sr2,False
70299,Li2Nb4O13Sr3,False
70314,Li2Ni1O24P6Sn3,False
70323,Li2Ni1O6Ti2,False
70325,Li2Ni1O8P2,False
70329,Li2Ni1O8Si3,False
70334,Li2Ni21O42,False
70338,Li2Ni2O15Si6,False
70345,Li2Ni2S3,False
70359,Li2Ni4O15P4,False
70363,Li2Ni5O30Si12,False
70365,Li2Ni5O9,False
70367,Li2O10P3Sb1,False
70368,Li2O10P3Ti1,False
70373,Li2O10U1W2,False
70374,Li2O10V5,False
70378,Li2O11Si4V2,False
70381,Li2O12P3Ti2,False
70388,Li2O12S3V2,False
70389,Li2O12Te3Ti1,False
70393,Li2O12V5,False
70396,Li2O13P4W1,False
70397,Li2O13Si4V4,False
70414,Li2O15Si6V1,False
70421,Li2O16Si7V1,False
70422,Li2O16Ti6Zn3,True
70426,Li2O1Sb2Ti2,True
70428,Li2O20Se2U3,False
70430,Li2O24P6Sn1Ti3,False
70434,Li2O28P9V3,False
70436,Li2O29V12,False
70437,Li2O2Pd1,True
70439,Li2O2V1,False
70446,Li2O3Rb1,False
70447,Li2O3Re1,False
70448,Li2O3Rh1,True
70449,Li2O3Ru1,True
70453,Li2O3Tc1,True
70463,Li2O4Si1Zn1,True
70471,Li2O5Si1V1,True
70473,Li2O5Te2,True
70483,Li2O6Sn1,False
70484,Li2O6Sn1Te1,True
70485,Li2O6Sn1V2,False
70492,Li2O6V3,False
70499,Li2O7Si2W1,False
70502,Li2O7Sr1Ta2,True
70503,Li2O7Ti3,False
70504,Li2O7V3,False
70506,Li2O8P2Sc1,False
70518,Li2O8Te1V3,False
70539,Li2Pb1Yb1,True
70544,Li2Pd1Tl1,True
70550,Li2Pr2Si3,True
70557,Li2S2Sb1,False
70559,Li2S3Te1,True
70570,Li2Sb1Zn1,False
70575,Li2Si1Yb1,True
70583,Li2Sn5,False
70589,Li2Tl1Yb1,False
70592,Li31Sb13Zr2,False
70599,Li3Lu3O12Te2,True
70602,Li3Mg1Ni3O8,False
70615,Li3Mn1O12P3V1,False
70635,Li3Mn2Ni2O8,False
70639,Li3Mn2O12V3,False
70652,Li3Mn3O16P4,False
70656,Li3Mn3O8Si1,False
70664,Li3Mn4O8Sb1,False
70668,Li3Mn5Ni2O12,False
70673,Li3Mn7O12,False
70676,Li3Mo1,False
70677,Li3Mo15Se19,False
70688,Li3N1,True
70699,Li3N6O18Y1,True
70704,Li3Na1O4Si1,True
70705,Li3Na1Si6,True
70717,Li3Nb1O6V2,False
70726,Li3Nb4O12Sn1,False
70732,Li3Nd1Sb2,True
70764,Li3Ni5O8,False
70766,Li3Ni8O16,False
70769,Li3O10Si2V2,False
70770,Li3O10Ti2V3,False
70772,Li3O11P3V1,False
70781,Li3O12Pr3Te2,True
70783,Li3O12Sm3Te2,True
70801,Li3O16P4Sn3,False
70805,Li3O16Ti6Zn3,False
70807,Li3O16V6,False
70826,Li3O35P5U7,False
70836,Li3O58V24,False
70841,Li3O6Ti1V2,False
70848,Li3O8P2V1,False
70854,Li3O8Ti3V1,False
70858,Li3O8V4,False
70868,Li3Pd1,True
70875,Li3Pu1,False
70886,Li3Sb1,True
70893,Li3Tb1,False
70897,Li3Tl1,True
70899,Li3W1,False
70903,Li3Zr1,False
70913,Li4Mn1Ni3O8,False
70914,Li4Mn1Ni4O10,False
70923,Li4Mn1O12V1W2,False
70934,Li4Mn1O8Ti3,False
70936,Li4Mn1O8Y3,False
70937,Li4Mn1O9P2,False
70948,Li4Mn2Ni3O24P6Ti1,False
70952,Li4Mn2O12P3,False
70954,Li4Mn2O12V3,False
70959,Li4Mn2O16Sn3V3,False
70964,Li4Mn3Nb2Ni3O16,False
70965,Li4Mn3Nb2O16Sn3,False
70971,Li4Mn3Nb3O16Ti2,False
70983,Li4Mn3Ni3O16Ti2,False
70988,Li4Mn3O10Ti2,False
70994,Li4Mn3O16P4V1,False
71000,Li4Mn3O16Sb3V2,False
71030,Li4Mn5Ni3O16,False
71032,Li4Mn5O12,True
71037,Li4Mn5O16Sb3,False
71038,Li4Mn5O16Sn3,False
71039,Li4Mn5O16Te3,False
71050,Li4Mn7O16,False
71052,Li4Mn7O24P6,False
71058,Li4Mo3O8,False
71059,Li4Mo5O17,False
71065,Li4Nb1O12Te2W1,False
71066,Li4Nb1O12Te2Zr1,False
71070,Li4Nb1O8Ti3,False
71071,Li4Nb1O8V3,False
71080,Li4Nb3Ni3O16Te2,False
71092,Li4Nb6O20Sr3,False
71094,Li4Ni11O22,False
71095,Li4Ni1O16P4Sn3,False
71098,Li4Ni1O18Ti4V4,False
71099,Li4Ni1O4Sr1,False
71103,Li4Ni1O9Si3,False
71105,Li4Ni2O12P3,False
71106,Li4Ni2O16Sb3V3,False
71107,Li4Ni2O16Sn3Ti3,False
71108,Li4Ni2O16Sn3V3,False
71125,Li4Ni3O16Sn2V3,False
71126,Li4Ni3O16Sn3Ti2,False
71132,Li4Ni3O16Ti3V2,False
71136,Li4Ni3O16V5,False
71151,Li4Ni5O24P6Te1,False
71156,Li4Ni7O14,False
71158,Li4Np1O5,True
71165,Li4O12P3V2,False
71172,Li4O12Te3V1,False
71176,Li4O12Ti5,True
71177,Li4O12Ti5V1,False
71188,Li4O16Sn3Te2V3,False
71194,Li4O16Ti3V3W2,False
71197,Li4O16Ti7,False
71199,Li4O18P6Sn1,False
71201,Li4O18Ti1V8,False
71204,Li4O18Ti4V5,False
71209,Li4O24P6V7,False
71210,Li4O24Ti11,False
71212,Li4O32Ti15,False
71216,Li4O4Ti1,True
71218,Li4O5Se1,True
71222,Li4O6W1,False
71227,Li4O8P2Zn1,False
71229,Li4O8Ti1V3,False
71232,Li4O8V1Y3,False
71236,Li4O9P2V1,False
71239,Li4Re6S11,True
71240,Li4S12Ti5,False
71246,Li4Se4Sn1,False
71247,Li5Mg1,True
71266,Li5Mn3Nb2O10,False
71273,Li5Mn3O8,False
71282,Li5Mn5O12Ti2,False
71301,Li5N4Os1,True
71302,Li5N4Re1,True
71304,Li5Na1Sn4,False
71317,Li5Ni1O8Si2,False
71319,Li5Ni2O12P3,False
71329,Li5Ni5O12V2,False
71332,Li5Ni7O12,False
71335,Li5Ni9O56P16,False
71341,Li5O12Ti2V5,False
71342,Li5O12V5,False
71354,Li5O32Ta12,False
71359,Li5O5Ta1,True
71361,Li5O6Re1,True
71362,Li5O8Si2Ti1,False
71368,Li5P3Si1,True
71381,Li6Mn1Ni3O24P6,False
71383,Li6Mn1O24P6Sb3,False
71394,Li6Mn3O24P6Sb1,False
71414,Li6Nb1Ni3O24P6,False
71428,Li6Ni3O24P6V1,False
71433,Li6Ni9O32P8,False
71440,Li6O20Ti9,False
71442,Li6O24P6Sn3V1,False
71457,Li6O7Tb2,False
71460,Li6O8Si2V1,False
71463,Li6P4S16Zn3,False
71464,Li6S1Sb3,False
71466,Li6S7Sb2,False
71468,Li7Mg8Zn9,True
71481,Li7Mn3O12Si2,False
71483,Li7Mn4O12,False
71485,Li7Mn4O28P8,False
71487,Li7Mn5O12,False
71490,Li7Mo12S16,False
71493,Li7N4Nb1,True
71495,Li7N4P1,True
71503,Li7Nb1O6,False
71517,Li7Ni8O16,False
71519,Li7Ni9O18,False
71528,Li7O24P7Sb2,False
71530,Li7O24P7V2,False
71539,Li7O64Ta24,False
71551,Li7P4V1,False
71554,Li7S1Sb2,False
71560,Li7Sn3,False
71564,Li8Mn1Ni7O48P12,False
71573,Li8Mn7Ni1O48P12,False
71575,Li8Mn7O48P12Sb1,False
71589,Li8Nb2S9,False
71596,Li8O29P8V3,True
71610,Li8O6Zr1,False
71616,Li8S1Sb2,False
71631,Li9Mn3O28W7,False
71639,Li9Nb14S28,True
71647,Li9Ni15O28,False
71648,Li9Ni23O32,False
71653,Li9O16Si2V5,False
71666,Li9O58P16V6,False
71675,Lu1Mg149,True
71684,Lu1Mg2Pr1,False
71692,Lu1Mn1Si1,False
71693,Lu1Mn1Sn2,False
71700,Lu1Mo1Na2O8P1,True
71716,Lu1Na2O8P1W1,False
71721,Lu1Nb1O6Sr2,False
71729,Lu1Ni1O3,False
71730,Lu1Ni1P1,True
71731,Lu1Ni1Pb1,True
71733,Lu1Ni1Si2,True
71740,Lu1Ni3,False
71748,Lu1O2,False
71754,Lu1O2Tl1,False
71756,Lu1O3,False
71762,Lu1O3Rh1,True
71766,Lu1O3Sm1,False
71771,Lu1O3V1,False
71778,Lu1O4V1,True
71784,Lu1O8Rb1S2,True
71789,Lu1O9Ta3,False
71792,Lu1Os2Si2,True
71794,Lu1Os3,False
71797,Lu1P1Pt1,True
71803,Lu1Pa1Tc2,True
71804,Lu1Pb1Pd2,False
71808,Lu1Pd1,True
71813,Lu1Pd2Si1,True
71816,Lu1Pd2Tm1,False
71820,Lu1Pm1Tl2,True
71821,Lu1Pm1Zn2,True
71823,Lu1Pr1Se3,True
71830,Lu1Pt2Si1,True
71846,Lu1Rh2Sn1,True
71848,Lu1Rh2Tl1,True
71853,Lu1Rh3,True
71856,Lu1Ru2,True
71860,Lu1Ru2Sm1,False
71872,Lu1Sb1Zr1,True
71873,Lu1Sb2,False
71882,Lu1Si2,False
71883,Lu1Si3,False
71886,Lu1Sm3,False
71890,Lu1Sr1,False
71893,Lu1Tb1,False
71895,Lu1Tc2,True
71905,Lu1Th3,False
71911,Lu1Tm1Zn2,True
71922,Lu1Zr3,False
71927,Lu2Mg1Tc1,False
71928,Lu2Mn12P7,True
71936,Lu2Mo3Si4,True
71943,Lu2Ni1Ru1,True
71950,Lu2O13P4,False
71952,Lu2O15S3,False
71958,Lu2O5Si1,True
71969,Lu2O7Ti2,False
71971,Lu2O9Sc1V3,False
71975,Lu2Pb1Pd2,True
71990,Lu2S4Sr1,True
71992,Lu2Se3,True
71996,Lu2Te3,True
72004,Lu3Nd1S6,True
72012,Lu3Pd4,True
72016,Lu3Pt1,False
72021,Lu3Si1,False
72023,Lu3Sn1,False
72037,Lu5Mg24,False
72040,Lu5O12Re2,True
72050,Lu6Mn23,True
72055,Lu6O12W1,True
72058,Lu7Pd2Te2,True
72069,Mg12Pr1,False
72075,Mg149Nd1,True
72079,Mg149Pb1,True
72091,Mg149Se1,True
72094,Mg149Sn1,True
72095,Mg149Sr1,True
72109,Mg14Mn1Nb1O16,False
72112,Mg14Mn1O16Si1,False
72123,Mg14O16Rb1Y1,False
72134,Mg1Mn1,False
72140,Mg1Mn1O2,False
72143,Mg1Mn1O5P1,False
72144,Mg1Mn1O5Si1,False
72146,Mg1Mn1O6Si2,False
72148,Mg1Mn1O7P2,True
72153,Mg1Mn1S8Yb4,False
72155,Mg1Mn1Te4,False
72158,Mg1Mn2O3,False
72163,Mg1Mn2O6Pr1,False
72165,Mg1Mn2O9P2,False
72168,Mg1Mn3O14P4,False
72174,Mg1Mn4O9,False
72181,Mg1Mo1O3,False
72182,Mg1Mo1O6Sr2,True
72199,Mg1Mo4O16U1,False
72206,Mg1N1O9P3,False
72213,Mg1N2Sn2,False
72220,Mg1N3Ta2,True
72223,Mg1N6O26Th1,False
72225,Mg1Na1,False
72228,Mg1Na1O4P1,True
72234,Mg1Na1Tl2,True
72243,Mg1Na3O12P3Zr1,False
72261,Mg1Nd1Ni4,True
72263,Mg1Nd1O6Ru1Sr1,True
72264,Mg1Nd1Pd1,True
72279,Mg1Nd3,False
72281,Mg1Nd4Pt1,True
72290,Mg1Ni1O2,True
72296,Mg1Ni1O7P2,False
72304,Mg1Ni1Sb1,True
72319,Mg1Ni2Sb1,False
72321,Mg1Ni2Sn1,True
72324,Mg1Ni2Y2,True
72330,Mg1Ni4O6,False
72331,Mg1Ni4O8,False
72332,Mg1Ni4O9,False
72342,Mg1O10P2Sn2,False
72360,Mg1O12Rb2Si5,True
72369,Mg1O14P4V3,False
72392,Mg1O3Pm1,False
72396,Mg1O3Rh1,False
72408,Mg1O3V1,True
72410,Mg1O3Yb1,False
72412,Mg1O3Zn2,False
72413,Mg1O3Zr1,False
72414,Mg1O40Ti23,False
72416,Mg1O4P1Rb1,True
72417,Mg1O4Pt3,False
72420,Mg1O4S1,True
72423,Mg1O4Si1,False
72430,Mg1O4W2,False
72441,Mg1O5Te2,False
72442,Mg1O5Ti2,True
72445,Mg1O5Zn4,False
72454,Mg1O6Pr1Sn2,False
72457,Mg1O6Pr1W2,False
72459,Mg1O6Pt1Sm2,False
72460,Mg1O6Pt1Sr3,True
72468,Mg1O6Si2W1,False
72492,Mg1O7Pb1V2,True
72502,Mg1O7W2,False
72503,Mg1O8P2Sn1Sr1,False
72504,Mg1O8P2Sn2,False
72508,Mg1O8P2V2,False
72510,Mg1O8Re2,True
72516,Mg1O8Ti4,False
72524,Mg1O9P2W2,False
72530,Mg1O9Ti4,False
72532,Mg1O9Zr4,False
72540,Mg1P1Pt5,True
72542,Mg1P1Se3,True
72548,Mg1Pa1Rh2,True
72551,Mg1Pb1,False
72556,Mg1Pb5,False
72564,Mg1Pd1Y1,True
72570,Mg1Pd2Sb1,True
72585,Mg1Pm1Zn2,True
72594,Mg1Pm5,False
72616,Mg1Pt1Sb1,True
72617,Mg1Pt1Sm1,True
72628,Mg1Pt5,False
72630,Mg1Pu2,False
72637,Mg1Rh1Sm4,True
72642,Mg1Rh2Sb1,True
72643,Mg1Rh2Sc1,True
72650,Mg1Rh2Ti1,True
72654,Mg1Rh2Y1,True
72659,Mg1Ru1Sc2,True
72661,Mg1Ru1Sm4,True
72690,Mg1S4V2,False
72692,Mg1S4Yb2,False
72693,Mg1S4Zn3,False
72695,Mg1S5V2,False
72696,Mg1S7Tm4,False
72698,Mg1S8Ti4,False
72699,Mg1S8V4,False
72700,Mg1Sb1,False
72705,Mg1Sc1,True
72708,Mg1Sc1Zn2,True
72713,Mg1Sc3,False
72725,Mg1Se4Y2,False
72729,Mg1Si1Yb1,True
72735,Mg1Si2Yb2,False
72738,Mg1Sm1Tl1,True
72742,Mg1Sm3,False
72753,Mg1Sr1,False
72756,Mg1Sr2Tl1,False
72758,Mg1Sr5,False
72764,Mg1Tb1Tl2,False
72770,Mg1Te1,True
72771,Mg1Te2,False
72774,Mg1Ti1,False
72775,Mg1Ti2,False
72779,Mg1Tl1Tm1,True
72783,Mg1Tl1Yb2,False
72785,Mg1Tl3,False
72792,Mg1W3,False
72793,Mg1Y1,True
72795,Mg1Y1Zn2,True
72802,Mg1Yb5,False
72804,Mg1Zn2,True
72806,Mg1Zn3,False
72807,Mg1Zn5,False
72815,Mg23Th6,False
72818,Mg24Y5,False
72822,Mg2Mn1N3,True
72823,Mg2Mn1Nb2O8,True
72827,Mg2Mn1O8P2,True
72831,Mg2Mn2O9Ta2,True
72846,Mg2N2Ni1,False
72847,Mg2N2O12S3,False
72853,Mg2N3Nb1,True
72861,Mg2Na1O12S3,True
72884,Mg2Ni1O6Ta1,False
72893,Mg2Ni9O13,False
72897,Mg2O11Si4,False
72898,Mg2O12Pb4Te1W1,False
72904,Mg2O13Si3Y3,False
72916,Mg2O4Si1,True
72927,Mg2O5W2,False
72934,Mg2O6Sn1Ta1,False
72949,Mg2O8Ta2W1,False
72950,Mg2O8Te3,True
72968,Mg2Pm1Pr1,False
72978,Mg2Pt1,True
72990,Mg2Sb2Yb1,True
72991,Mg2Sb2Zn1,False
72993,Mg2Sc1,False
73003,Mg2Sm1Tm1,False
73004,Mg2Sm1Y1,False
73009,Mg2Ti1,False
73010,Mg2Tl1,False
73031,Mg30Na1O32Ti1,False
73033,Mg30Na1O32Y1,False
73041,Mg30Nb1O32Zn1,False
73045,Mg30Ni1O32Ti1,False
73049,Mg30O32Rb1Sb1,False
73055,Mg30O32Si1Sr1,False
73056,Mg30O32Si1Ti1,False
73062,Mg30O32Sn1V1,False
73063,Mg30O32Sn1Y1,False
73065,Mg30O32Sr1Ti1,False
73066,Mg30O32Sr1V1,False
73077,Mg3Mn1Ni2,False
73082,Mg3Mn2O14Si4,False
73085,Mg3Mo12Se16,False
73086,Mg3Mo1O4,False
73088,Mg3Mo2O14Si4,False
73089,Mg3Mo2O7,False
73116,Mg3O12Si3Sn2,False
73117,Mg3O12Si3Ti2,False
73122,Mg3O13Si4,False
73127,Mg3O14Si4W2,False
73128,Mg3O18Pb6Te2W1,False
73130,Mg3O24P6Ti4,False
73133,Mg3O4Sr1,False
73142,Mg3O7Ti2,False
73157,Mg3Rb1,False
73158,Mg3Re1,False
73159,Mg3Rh1,True
73171,Mg3Tb1,True
73175,Mg3Ti1,False
73178,Mg3Tm1,True
73181,Mg3Y1,True
73195,Mg4N12P6S1,True
73197,Mg4Na1O12P3,False
73200,Mg4Nb2O9,True
73205,Mg4Ni5O18Te3,False
73209,Mg4O18Te3Ti5,False
73211,Mg4O18Te3W5,False
73220,Mg4Pr23Ru7,False
73234,Mg5Mn3O24Si4Zn4,False
73238,Mg5Mo3O30Sr10W2,True
73239,Mg5Mo4O30Sr10W1,True
73243,Mg5Ni4Tb9,False
73244,Mg5O18Si6,False
73246,Mg5O30Si8,False
73252,Mg5Pt1,False
73260,Mg5Si9,False
73263,Mg5Sr1,False
73270,Mg6Mn1O8,True
73273,Mg6Mo1Rb1,False
73276,Mg6Na1O7Rb1,False
73278,Mg6Na1Zr1,False
73282,Mg6Ni1Rb1,False
73290,Mg6Rb1Si1,False
73293,Mg6Rb1W1,False
73294,Mg6Rb1Y1,False
73295,Mg6Rb1Zr1,False
73303,Mg6V1,False
73305,Mg6Y1Zr1,False
73307,Mg7Mn5O12,False
73310,Mg7O16Si4,False
73311,Mg7O24Si8,False
73319,Mg8O16V5,False
73322,Mg8Yb19,False
73323,Mg97Y19,False
73324,Mg9Na14O56P16,False
73328,Mn10Na1O20,False
73334,Mn11O21Ta4,False
73338,Mn11Si19,False
73339,Mn12N1Pt4,False
73340,Mn12Nd1,False
73341,Mn12P3Si1,False
73347,Mn12P7U2,True
73349,Mn12Tb1,False
73350,Mn12Th1,False
73358,Mn15Na9O32,False
73365,Mn16O32Rb3,True
73367,Mn17S32Sc10,False
73371,Mn1Mo1O6Sr2,True
73372,Mn1Mo1O6Te1,False
73373,Mn1Mo3O12Rb4,True
73382,Mn1N2O10,False
73385,Mn1N2O6,True
73389,Mn1N2Zn2,False
73393,Mn1N3Zn2,True
73395,Mn1N4O12,True
73397,Mn1N6O16,False
73406,Mn1Na1O6Tb1W1,True
73408,Mn1Na1O9Pr2Ti2,False
73415,Mn1Na2O2,True
73419,Mn1Na2O6Si2,False
73421,Mn1Na2O8S2,False
73422,Mn1Na2O8Sr1V2,True
73424,Mn1Na3,False
73449,Mn1Nb3O24P6,True
73451,Mn1Nb3S6,True
73453,Mn1Nb4O12,False
73455,Mn1Nb4Se8,True
73460,Mn1Nd1Si2,False
73461,Mn1Nd2Ni1O6,True
73462,Mn1Nd2O6Rh1,False
73463,Mn1Nd4Ni3O12,False
73471,Mn1Ni1O2,False
73485,Mn1Ni1Pd1Sn1,False
73500,Mn1Ni2Sn1,False
73501,Mn1Ni2Zn1,False
73533,Mn1O14P4V1,False
73534,Mn1O15P5,False
73535,Mn1O15S2U1,False
73543,Mn1O21P6Ta2,True
73544,Mn1O21Pb8Si6,True
73549,Mn1O24P6Sn2Ti3,False
73553,Mn1O24P6Ti5,False
73560,Mn1O3,False
73563,Mn1O3Pr1,True
73564,Mn1O3Rb1,False
73577,Mn1O3Tl1,False
73578,Mn1O3Tm1,True
73590,Mn1O4Rb1V1,True
73605,Mn1O4V2,True
73608,Mn1O5P2,False
73611,Mn1O5Si1Zn1,False
73614,Mn1O5Te2,False
73628,Mn1O6Sb2,True
73632,Mn1O6Si2,False
73644,Mn1O6Ti2Zn1,False
73646,Mn1O6W1Zn2,False
73649,Mn1O7P2Pb1,True
73671,Mn1O8S2,False
73678,Mn1O8W2Y1,False
73680,Mn1O9Zr4,False
73683,Mn1Os1Ti2,True
73684,Mn1Os1Tm2,True
73687,Mn1P1,True
73694,Mn1P1Zr1,True
73695,Mn1P2,False
73708,Mn1Pd2Zn1,True
73719,Mn1Pt1Sb1,True
73729,Mn1Rb2Se2,True
73730,Mn1Rb2Te2,True
73733,Mn1Re1Ti2,False
73735,Mn1Rh1,True
73749,Mn1Ru1Ti2,True
73756,Mn1Ru3,True
73757,Mn1S1,True
73770,Mn1S4Y2,False
73771,Mn1S4Yb2,False
73784,Mn1Sb11Yb14,True
73797,Mn1Sc2Sn1,False
73807,Mn1Se4Zn1,False
73809,Mn1Si1,True
73814,Mn1Si1Ti2,False
73828,Mn1Sn1Te2,False
73831,Mn1Sn2,False
73835,Mn1Sn3Ti5,False
73843,Mn1Te4Zn1,False
73845,Mn1U6,False
73850,Mn1Zn13,True
73858,Mn21O40Sn9,False
73864,Mn23Th3Y3,False
73876,Mn2Mo2N1O10,False
73877,Mn2Mo3O12Rb2,True
73892,Mn2Na2S3,False
73894,Mn2Na3O12V3,False
73900,Mn2Nb1O24P6Ti3,False
73908,Mn2Nd1O5,True
73909,Mn2Nd1O5Sr1,False
73916,Mn2Ni1O14,False
73924,Mn2Ni1Sb1,False
73925,Mn2Ni1Si1,False
73926,Mn2Ni1Sn1,False
73936,Mn2Np1,False
73937,Mn2Np1Si2,False
73940,Mn2O10P3,False
73945,Mn2O11Sr1,False
73959,Mn2O15P5,False
73963,Mn2O24P6Sb1Ti3,False
73973,Mn2O3Ta1,False
73975,Mn2O4Sc1,False
73980,Mn2O4Ti1,False
73983,Mn2O4Zn1,True
73989,Mn2O5Sc1,False
73993,Mn2O5Tb1,True
73994,Mn2O5Tm1,True
73995,Mn2O5Y1,True
74000,Mn2O6Pr1Sr1,True
74002,Mn2O6Sb1Sc1,True
74005,Mn2O6Te1,True
74006,Mn2O6Ti1,False
74016,Mn2O7Ta2,False
74021,Mn2O7Y2,True
74025,Mn2O8Pr1Sr3,True
74026,Mn2O8S1Te1,False
74027,Mn2O8Sr1V2,True
74035,Mn2P2Sr1,False
74037,Mn2Pd3Sn1,False
74039,Mn2Pr1Si2,True
74051,Mn2S4Y1,False
74069,Mn2Si2U1,False
74086,Mn2U1,True
74116,Mn3Nb2O9Zn1,False
74120,Mn3Nd2O14Sb3,False
74122,Mn3Nd2S12Sb4,False
74124,Mn3Ni1O10,False
74125,Mn3Ni1O12Y4,False
74128,Mn3Ni1O4,False
74129,Mn3Ni1O8,False
74132,Mn3Ni20P6,False
74133,Mn3Ni2O16Te3,False
74139,Mn3Ni34O40,False
74146,Mn3O10Se3,True
74155,Mn3O12Si3V2,False
74165,Mn3O14Sb3Tm2,False
74166,Mn3O14Sb3Y2,False
74170,Mn3O16P4Sn1,False
74173,Mn3O16Sb2Ti3,False
74175,Mn3O16Sn3Te2,False
74186,Mn3O24P6Te2V1,False
74214,Mn3Pd5Sn2,False
74219,Mn3Rb2Te4,True
74227,Mn3Si1,True
74230,Mn3Si1W2,True
74235,Mn3Si5U2,True
74245,Mn3U1,False
74250,Mn49Nd18Ni20,False
74257,Mn4Na3O12Te2,True
74260,Mn4Na5O18Si6,False
74261,Mn4Nb2O9,True
74268,Mn4O10Ti1,False
74276,Mn4O13Si4,False
74281,Mn4O24P7,False
74290,Mn4P2U1,True
74295,Mn4Sb18Sr21,False
74298,Mn4Si4Th1U1,False
74300,Mn4Si5Ti2,False
74307,Mn5Na3O12,False
74313,Mn5Ni8Sn3,False
74323,Mn5O13Sr5,True
74325,Mn5O15Pr1Sr4,False
74329,Mn5O16Sb3,False
74342,Mn5O24S6Sr1,True
74345,Mn5O7,False
74352,Mn5Si3,False
74361,Mn6O16Te5,True
74362,Mn6O16Zn3,False
74364,Mn6O24P7,False
74365,Mn6Pr1Sn6,False
74369,Mn6Sn6Tb1,False
74370,Mn6Sn6Tm1,True
74375,Mn7Na5O16,False
74382,Mn7O12Pb1,False
74387,Mn7O16P2,False
74390,Mn7O28P8,True
74395,Mn7O48P12W1,False
74396,Mn7Pd9,False
74403,Mn8Nb3Si1,False
74406,Mn8O16Rb11,False
74414,Mn8Sn5,False
74418,Mn9O13Zn2,False
74419,Mn9O16Zn3,False
74420,Mn9O18Si4,False
74424,Mn9O32P8,False
74427,Mo10Nd6O39,False
74429,Mo10O30Tl3,False
74433,Mo12Na2O48Zn11,False
74435,Mo12O40P1Rb3,True
74437,Mo12O60U1,False
74438,Mo12Pb1S16Sn1,False
74440,Mo13P9U1,False
74441,Mo15N16,True
74444,Mo15Nd2Se20,False
74450,Mo15Rb3Se17,False
74454,Mo15S20Th2,False
74458,Mo15Se19Tl2,False
74461,Mo15Se20U2,False
74468,Mo1N1Na5O4,True
74482,Mo1N4O8Zn1,False
74486,Mo1Na1O5Sb1,False
74489,Mo1Na1O7P2,True
74490,Mo1Na1O8P2,False
74497,Mo1Na2O8P1Y1,False
74501,Mo1Na4O5,True
74510,Mo1Nb1Si4,False
74514,Mo1Nb2Os1,True
74523,Mo1Nd2O6,True
74535,Mo1Ni1Zr4,False
74545,Mo1O12P4,False
74549,Mo1O13Te3Th2,False
74553,Mo1O2,True
74559,Mo1O3Pb1,False
74567,Mo1O4P1,False
74578,Mo1O5Pb2,True
74580,Mo1O5Sm1,False
74581,Mo1O5Tb1,False
74590,Mo1O6Rb1Sb1,True
74592,Mo1O6Rh2,True
74594,Mo1O6Sb1Zn2,False
74601,Mo1O6Sr2Zr1,False
74609,Mo1O6W1Zn2,False
74614,Mo1O7P2,True
74620,Mo1O7Te1Zn2,True
74623,Mo1O8P2Pb1,True
74634,Mo1O9P2Rb2,True
74635,Mo1O9P3,True
74640,Mo1Os1V2,True
74649,Mo1Pa3,False
74650,Mo1Pb1,False
74652,Mo1Pd1,False
74660,Mo1Pt1,True
74663,Mo1Pt2Si3,True
74666,Mo1Rb2S4,True
74672,Mo1Re1V2,True
74681,Mo1Ru1V2,True
74683,Mo1S10Ta4,False
74686,Mo1S1Se1Te2W1,False
74701,Mo1S2Te6W3,False
74702,Mo1S3,False
74703,Mo1S3Se1W1,False
74704,Mo1S3Te1W1,False
74716,Mo1S6Ta2,False
74743,Mo1Si2,True
74746,Mo1Si4V1,False
74755,Mo1Ta2W1,True
74756,Mo1Tc1,False
74776,Mo1Yb3,False
74778,Mo1Zn7,False
74784,Mo21Rb4Se24,False
74788,Mo27Rb6S31,False
74793,Mo2N1S4,False
74798,Mo2Na1Nd1O8,True
74800,Mo2Na1O12P3,False
74801,Mo2Na1O13P3,True
74802,Mo2Na1O14P4,True
74809,Mo2Nd1O8Rb1,True
74817,Mo2Ni3O11Te1,True
74826,Mo2O11P2Rb2,True
74831,Mo2O11Ta2,True
74833,Mo2O11U1,False
74845,Mo2O14P2Rb2Te1,True
74847,Mo2O14P3,False
74851,Mo2O23P4Si4,True
74853,Mo2O4Zn1,True
74858,Mo2O5Zn1,False
74865,Mo2O7Sm2,True
74866,Mo2O7Sr2Y1,False
74870,Mo2O7Zn1,False
74871,Mo2O7Zn3,False
74883,Mo2O8Sm1Tl1,True
74887,Mo2O8U1,False
74900,Mo2Re3,False
74906,Mo2S1Se3,False
74910,Mo2S2Se2Te2W1,False
74916,Mo2S4Se2W1,False
74924,Mo2Se2Te4W1,False
74925,Mo2Se3Te1,False
74928,Mo2Si6Ti1,False
74931,Mo2Ti1W1,True
74935,Mo32O54Pr5,False
74942,Mo3N1Ni3,False
74944,Mo3N1Pd2,True
74947,Mo3N2O10,False
74948,Mo3N2O11,False
74950,Mo3N2O12Te1,False
74952,Mo3N4Ta3,False
74959,Mo3Na1O6,False
74962,Mo3Na1Te3,True
74971,Mo3Nb3Si1Sn1,False
74989,Mo3O12Se1Tl2,True
74990,Mo3O12Sm2,True
75003,Mo3O16Rb2U2,False
75005,Mo3O17P3Rb2,True
75006,Mo3O17P3Tl2,True
75010,Mo3O8,False
75035,Mo3S2Te6W1,False
75036,Mo3S4,False
75041,Mo3S4Te4W1,False
75050,Mo3Se4,False
75053,Mo3Se6Te2W1,False
75054,Mo3Se8W1,False
75063,Mo3Te3Tl1,True
75068,Mo3Zr1,False
75071,Mo4N5Ni1,False
75082,Mo4Nd2O16Tl1,False
75086,Mo4Ni1Zr9,True
75090,Mo4O11Tm4,False
75097,Mo4O15Tm2,True
75107,Mo4O24P5,False
75111,Mo4O5,False
75112,Mo4O6Sn1,False
75114,Mo4O9,False
75116,Mo4P3,False
75135,Mo5Si3,True
75136,Mo60Na17S76,True
75137,Mo6N1O18,False
75138,Mo6N4O24Te1,False
75153,Mo6O12Pr1,False
75158,Mo6O24Rb4Te1,False
75159,Mo6O24Rb8Th1,True
75161,Mo6O44Sm2Te1,False
75163,Mo6O46Te1Yb2,False
75164,Mo6Pb1S4Se4,False
75177,Mo6S8Tb1,False
75188,Mo6Se8Tm1,False
75199,Mo8Nd1O30Y3,False
75201,Mo8Ni1P3,False
75202,Mo8O10Zn1,False
75203,Mo8O14Sm1,False
75207,Mo8P5,False
75214,Mo9O25,False
75216,Mo9Rb1S9,False
75222,Mo9Se11,False
75224,N10Ni3Ti7,False
75234,N11P6Rb3,True
75238,N12Na11Rb1W4,False
75240,N12O1P6Zn4,True
75242,N12O27Sm2,False
75247,N15Nd1O27,False
75251,N17O39Zr32,False
75260,N1Na1O6Se1,False
75270,N1Na3O8S1,False
75272,N1Na3O9P3V1,False
75292,N1Nd1O2Zr1,False
75299,N1Ni1,False
75300,N1Ni1O10P1,False
75306,N1Ni3,True
75329,N1O1P1Th2,True
75333,N1O1Sb1Th2,True
75342,N1O2P1Rb1,False
75348,N1O2Sr1W1,False
75350,N1O2Tl1,False
75355,N1O3Rb1,True
75358,N1O3Tl1,True
75361,N1O4P1,False
75375,N1O5Rb5,False
75380,N1O6P1V1,False
75381,N1O6Pb3,False
75383,N1O6Sb1W1,False
75426,N1Pr3Se3,True
75430,N1Pu1,True
75433,N1Re2Zr4,False
75446,N1S3Tb3,True
75449,N1Sb1,False
75450,N1Sb1Sr3,True
75452,N1Sc1Ta1,False
75456,N1Si3Zr5,True
75457,N1Sm1,True
75467,N1Tb1,True
75468,N1Tb3Te3,True
75470,N1Tc2,True
75471,N1Tc3,True
75476,N1Ti1,True
75477,N1Ti2,True
75480,N1Ti3Tl1,False
75481,N1Ti3Zn1,True
75492,N1W2,False
75499,N1Zr1,True
75507,N2Na1O2,False
75512,N2Na2O3,False
75516,N2Na4O2W1,False
75528,N2Nd4Te3,True
75540,N2O1,True
75541,N2O10P2Sn3,False
75544,N2O10U1,False
75548,N2O11U1,False
75554,N2O13P4Si1,False
75559,N2O16Zn5,False
75562,N2O1Si2,True
75563,N2O1Sn2,False
75567,N2O1Zr2,True
75570,N2O2S2Se1,False
75572,N2O2S3,False
75575,N2O3Ti3,False
75576,N2O3W1Yb2,False
75583,N2O5P2,False
75589,N2O6P2Sn1,False
75591,N2O6Pt1,False
75599,N2O8P2Th1,False
75600,N2O8P2V1,False
75607,N2O8V3,False
75612,N2P1,False
75615,N2Pb3,False
75627,N2Rb1Re1,True
75630,N2Rb1V1,True
75634,N2S1Th2,True
75642,N2Sb1U2,True
75652,N2Si3,False
75658,N2Sr1,True
75659,N2Sr1Ti1,True
75667,N2Ta1Zr1,False
75678,N2Ti1Zn1,True
75679,N2Ti1Zn2,False
75681,N2Ti2Zn1,False
75688,N2V5Zr7,False
75693,N2Yb3,True
75699,N37Nb27O3,False
75701,N3Na1,True
75702,N3Na1O11U1,True
75718,N3Ni4,False
75722,N3O10Y1,False
75724,N3O11Rb1Zr1,False
75732,N3O15Pr1,False
75745,N3O9Pr1,True
75746,N3O9Pr1S3,False
75750,N3O9Tm1,True
75759,N3Re1Sr1,True
75762,N3Re1Ti1,False
75763,N3Re1Y1,True
75767,N3S4Sb1,False
75770,N3Si1U4,False
75774,N3Sr1W1,True
75794,N3V1Zn2,True
75800,N4Na16O12W3,False
75802,N4Na2O8Pd1,False
75805,N4Ni1O22P6,False
75819,N4O18P3Te1,False
75820,N4O1V5,False
75833,N4O8Zr7,False
75846,N4Sr4Ti1,True
75851,N4W3,False
75855,N5Na1O1Rb4W2,False
75857,N5Na2Nd1O16,False
75858,N5Na2O16Pr1,False
75868,N5O2Zr5,False
75870,N5O6Ru1,False
75879,N5Ti8,False
75883,N6Nb5,True
75884,N6Ni1O12Pb2,False
75894,N6O1P4,True
75900,N6O6Rh1,False
75910,N6Zn1,False
75911,N7Na11O16,False
75914,N7O15Tm1,False
75924,N8O18Th1,False
75927,N8O33Yb6,False
75933,N8Si6Sr1,True
75940,N9Sb1,False
75943,Na10O29S6U1,False
75945,Na10O39W13,False
75948,Na10Sn12Sr1,True
75949,Na10Sn12Yb1,True
75955,Na11O40Ti20,False
75960,Na13O48P3Si9Zr8,False
75965,Na15Pb4,True
75966,Na15Sn4,True
75973,Na17O72P7Si11Zr12,False
75975,Na1Nb10O18,True
75977,Na1Nb14O36,False
75991,Na1Nb2P1S10,True
75995,Na1Nb3O16Te4,False
76006,Na1Nb7O14V2,True
76010,Na1Nd1O14Si6,True
76013,Na1Nd1O2,True
76017,Na1Nd1O6Ti2,False
76025,Na1Nd2Se3,False
76032,Na1Ni1O2,True
76033,Na1Ni1O3,False
76040,Na1Ni3,False
76045,Na1Ni7O23Sr12,False
76050,Na1O10Si2Ti2Y1,False
76062,Na1O12P3Ti2,True
76064,Na1O12P3V3,True
76067,Na1O12P4Tb1,False
76074,Na1O12Ti6,False
76076,Na1O13P3Ti3,False
76077,Na1O13P3V3,False
76078,Na1O13Sb5,True
76082,Na1O14P4Ru2,True
76087,Na1O14Sb2Ti2Yb3,False
76090,Na1O16Te6U1,False
76107,Na1O27W9,True
76119,Na1O2Ti1,False
76123,Na1O2W1,False
76124,Na1O2Y1,True
76130,Na1O3Pa1,True
76134,Na1O3Rb1,False
76136,Na1O3Re1,False
76141,Na1O3Sr1,False
76142,Na1O3Ta1,True
76148,Na1O3V1,True
76149,Na1O3W1,False
76156,Na1O4Pb1Rb3,True
76170,Na1O4Si1Y1,True
76173,Na1O4Sm1Ti1,False
76192,Na1O6Os1Sr2,True
76200,Na1O6Ru1Sr3,True
76201,Na1O6S2,False
76215,Na1O6Sr3Ta1,True
76216,Na1O6Ta1W1,False
76222,Na1O6Ti2Yb1,False
76224,Na1O6Tl3,False
76225,Na1O6V3,False
76230,Na1O7P2Y1,False
76248,Na1O8Ru4,False
76251,Na1O8Sb3,False
76256,Na1O8Ti4,False
76257,Na1O8U3,False
76274,Na1P1S3,True
76275,Na1P1Sn1,True
76278,Na1P2S6Sb1,False
76279,Na1P2S6Sm1,True
76286,Na1Pb2Yb1,False
76287,Na1Pb3,True
76288,Na1Pd1Tl2,False
76293,Na1Pd3Sn2,True
76294,Na1Pm1Te2,True
76299,Na1Pr1Se2,True
76303,Na1Pr3,False
76310,Na1Rb3,False
76311,Na1Rb7Si8,True
76327,Na1S4V2,False
76334,Na1Sb1Se2,True
76337,Na1Sb1Tl2,False
76345,Na1Se2Tb1,True
76349,Na1Se3Sm2,False
76351,Na1Se4V2,True
76355,Na1Se8Ti6,False
76359,Na1Si6,False
76370,Na1Sr2Tl1,True
76375,Na1Tc3,False
76376,Na1Te1,False
76378,Na1Ti3,False
76380,Na1Tl2,False
76381,Na1Tl2Tm1,True
76393,Na25O96P12Sc5Si12Zr11,False
76397,Na2Nb3S6,True
76404,Na2Nd2O6Pt1,False
76406,Na2Ni1O14P4Zr1,False
76413,Na2Ni2O3,False
76418,Na2Ni5O10,False
76420,Na2O1,True
76428,Na2O11Rh1S2,False
76435,Na2O11Ta4,True
76438,Na2O12P4Sr1,True
76441,Na2O12W1,False
76442,Na2O12W3Zr1,False
76447,Na2O13V6,False
76461,Na2O21S6Si1,True
76463,Na2O22V13,False
76464,Na2O25Ti12,False
76468,Na2O2S13Sb8,False
76475,Na2O3Re1,True
76483,Na2O3Tb1,False
76484,Na2O3Te1,True
76485,Na2O3Ti1,False
76491,Na2O4Rb2Si1,True
76493,Na2O4S1,True
76501,Na2O5P1Zn1,False
76509,Na2O5Si2,True
76513,Na2O5Ti2,False
76514,Na2O5V2,False
76519,Na2O6Pt1,False
76524,Na2O6Sn1,False
76525,Na2O6Sn1Te1,False
76530,Na2O7P2Pb1,True
76540,Na2O7Te1U1,True
76545,Na2O7V3,True
76546,Na2O7W2,True
76549,Na2O8P1Tm1W1,False
76550,Na2O8P1W1Y1,False
76556,Na2O8S2Zn1,True
76572,Na2O9Sr1V3,True
76580,Na2P1Se3,True
76582,Na2Pb1Tl1,False
76587,Na2Rb1Sb1,False
76588,Na2Rb1Si17,True
76594,Na2S3Te1,True
76601,Na2S6Sn2Zn1,True
76605,Na2Se1,True
76610,Na2Se3Zr1,True
76621,Na3Nb1O4,True
76622,Na3Nb1S4,True
76639,Na3Ni1O12P3Zr1,False
76648,Na3Np1,False
76650,Na3Np1O6,True
76651,Na3Np1O8,False
76652,Na3O10V5,False
76653,Na3O11P3Th1,False
76656,Na3O12P3Sc2,True
76657,Na3O12P3Ti2,False
76663,Na3O12Sr1Ta4,True
76672,Na3O16Ti8,False
76674,Na3O18Si4Sr2Ti3,False
76676,Na3O19P3Zn4,False
76677,Na3O1P1S3,True
76678,Na3O1S3V1,False
76685,Na3O30Sr7Ta3Ti7,False
76687,Na3O32W12,False
76696,Na3O4Sb1,True
76698,Na3O4V1,True
76705,Na3O7Sc1Si2,True
76716,Na3O8P2Yb1,True
76717,Na3O8Pr1V2,False
76719,Na3O8Tb1V2,False
76725,Na3O9Si3Y1,True
76729,Na3P1Se4,True
76731,Na3Pm1,False
76739,Na3S3Sb1,True
76743,Na3Sb1,True
76764,Na4Ni1O24P6,False
76767,Na4Ni3O10Sb2,False
76769,Na4Ni3O7,False
76772,Na4Ni7O16,False
76773,Na4Ni7O24P6,False
76778,Na4O12Si3Zr2,True
76782,Na4O13S3V1,True
76783,Na4O13Sc2Si4,True
76784,Na4O15Sr1Ta5,False
76798,Na4O3Sn1,True
76806,Na4O5S2,False
76809,Na4O5U1,True
76811,Na4O5W1,True
76815,Na4O8Ti3,False
76825,Na4S4Sn1,True
76827,Na4S8Sn3,True
76836,Na4Sn1Te4,True
76839,Na5Nd1O16W4,True
76840,Na5Nd4O17Si4,False
76843,Na5Ni8O16,False
76846,Na5Np1O6,True
76852,Na5O18Si6,False
76871,Na5O5W1,False
76872,Na5O6Os1,True
76890,Na6O1,False
76892,Na6O19P4Zn3,False
76894,Na6O20S4U1,False
76897,Na6O24Ti11,False
76898,Na6O25Se2W6,True
76902,Na6O4Pb1,False
76910,Na6O9S2,True
76913,Na6P4W1,True
76914,Na6S4Zn1,True
76915,Na6S7Sn2,True
76917,Na6Se4Zn1,True
76920,Na6Sn2Zn1,True
76929,Na7O26Ti13,False
76935,Na7O60W20,False
76939,Na7Sn12,False
76940,Na8Nb1O6,False
76942,Na8Nb5O14,False
76957,Na8Sb4Sn1,True
76959,Na9Ni11O20,True
76966,Na9O48W16,False
76968,Na9Sn4,True
76969,Nb10Nd2O30Sr3,False
76985,Nb19O57Sr14,False
76994,Nb1Ni1P2,True
76995,Nb1Ni1Te2,True
76998,Nb1Ni2,False
77001,Nb1Ni2Sn1,False
77004,Nb1Ni3P2,False
77005,Nb1Ni4P16,False
77008,Nb1O1,True
77011,Nb1O12P3Ti2,False
77016,Nb1O2,True
77018,Nb1O24P6Sb3,False
77054,Nb1O6Pb2Sc1,False
77057,Nb1O6Pr1Sr2,False
77063,Nb1O6Sr2Tm1,False
77067,Nb1O6Te1Tl1,True
77069,Nb1O6Tl1W1,True
77075,Nb1O7Sm3,False
77080,Nb1O8P2Rb1,False
77082,Nb1O8Rb1V2,False
77091,Nb1O9Rb1Ti3,False
77095,Nb1Os2Sc1,True
77098,Nb1P1,True
77106,Nb1P2S8,True
77112,Nb1Pd2,True
77113,Nb1Pd3,True
77116,Nb1Pr3Sb5,False
77118,Nb1Pt1Si1,True
77120,Nb1Pt2,True
77121,Nb1Pt3,True
77127,Nb1Re1V1,False
77128,Nb1Re2Ta1,True
77140,Nb1Ru1Si1,True
77144,Nb1Ru2Si1,False
77155,Nb1S2,True
77162,Nb1Sb1,False
77164,Nb1Sb2,True
77168,Nb1Sc3,False
77169,Nb1Se2,True
77182,Nb1Sr3,False
77185,Nb1Ta1Te4,False
77187,Nb1Ta1W1,False
77188,Nb1Tc1,True
77193,Nb1Te4,True
77195,Nb1Ti1,False
77196,Nb1Ti1Zr1,False
77198,Nb1U1,False
77199,Nb1U1Zr1,False
77207,Nb1Zr1,False
77212,Nb2Ni1O6,False
77214,Nb2Ni1S4,False
77218,Nb2Ni5Te6,True
77221,Nb2O11Sr6,False
77225,Nb2O12Sr3Zr2,False
77230,Nb2O15P4,False
77239,Nb2O30Pr2S7,True
77241,Nb2O30S7Tb2,True
77252,Nb2O7Sn2,False
77253,Nb2O7Sr2,True
77269,Nb2O8V1Zn2,False
77273,Nb2O9P2,False
77276,Nb2O9Sr4,True
77281,Nb2P1Rb1Se10,True
77286,Nb2Pd1,True
77289,Nb2Pd3Se8,True
77294,Nb2Re1Tc1,True
77303,Nb2Se3,False
77304,Nb2Se4Ti1,False
77316,Nb3Ni1S6,True
77326,Nb3O15P3Rb1,True
77333,Nb3O6Ti1,True
77340,Nb3Pd1,False
77344,Nb3Ru1,True
77346,Nb3S4,True
77352,Nb3Sb1,True
77359,Nb3Se6V1,False
77363,Nb3Si2,False
77369,Nb3Tl1,False
77373,Nb4Ni1Se8,True
77374,Nb4Ni1Si1,False
77375,Nb4Ni4Si7,True
77379,Nb4O12U1,False
77381,Nb4O13Pb3,True
77383,Nb4O13Tl4,False
77385,Nb4O15Sr3Ti1,False
77392,Nb4Pd1,False
77393,Nb4Rh1,False
77395,Nb4S8V1,True
77405,Nb5O19P2Rb3,True
77411,Nb5P4Pd4,False
77412,Nb5Pb1Se8,False
77413,Nb5S20V3,False
77423,Nb6Ni6O1,False
77428,Nb6O21Sr7,True
77432,Nb6Pb1S8,False
77434,Nb6Pd1Pt1,False
77440,Nb6S8Zn1,False
77446,Nb6Sn6Tb1,True
77449,Nb7O21Sr6,False
77450,Nb7P4,True
77453,Nb8O25Pb6,False
77454,Nb8O25Tl8,False
77460,Nb9O25P2,False
77473,Nd12Ni6Sn1,True
77475,Nd12Se28Si5,False
77483,Nd1Ni1O4Sr1,False
77484,Nd1Ni1O6Ru1Sr1,False
77492,Nd1Ni2,False
77496,Nd1Ni2Sn2,True
77497,Nd1Ni3,True
77501,Nd1Ni9Si2,True
77508,Nd1O12Rb1S2,False
77511,Nd1O14Y3Zr4,False
77522,Nd1O2Sm1,False
77540,Nd1O4Pd2,True
77547,Nd1O5W1,False
77548,Nd1O6Ru1Sr1Zn1,True
77550,Nd1O6Ta2,False
77563,Nd1P1S1,True
77569,Nd1P2Ru2,True
77577,Nd1Pb3,True
77578,Nd1Pd1,True
77579,Nd1Pd1Sb1,True
77584,Nd1Pd1Zn1,True
77589,Nd1Pd3,True
77591,Nd1Pm1,False
77599,Nd1Pr1Tl2,False
77600,Nd1Pr1Zn2,False
77610,Nd1Pt5,True
77612,Nd1Rb1S2,True
77617,Nd1Re2,False
77625,Nd1Rh2Si2,True
77626,Nd1Rh2Sn4,True
77630,Nd1Ru1Si1,True
77641,Nd1S2Tl1,True
77643,Nd1S3Sc1,True
77648,Nd1S6Tm3,True
77654,Nd1Sb1Te1,True
77662,Nd1Se1Te2,True
77664,Nd1Se2Tl1,True
77665,Nd1Se3Yb1,False
77668,Nd1Si2Zn2,False
77670,Nd1Sm1Zn2,False
77679,Nd1Tc3,False
77688,Nd1Tl1Zn1,False
77689,Nd1Tl2Tm1,False
77712,Nd2Ni2O9Sr2Tl1,False
77728,Nd2O2S1,True
77737,Nd2O5,False
77741,Nd2O5Si1,True
77761,Nd2P7Rh12,True
77769,Nd2Rh1Si3,True
77775,Nd2S4Sr1,False
77779,Nd2S5Th1,True
77787,Nd2Se4U1,False
77788,Nd2Se5U1,True
77800,Nd2Zn17,True
77801,Nd3Ni1,True
77802,Nd3Ni1Si3,False
77803,Nd3Ni1Sn7,True
77811,Nd3O12Sb5,True
77813,Nd3O7Os1,True
77830,Nd3Pr1,False
77832,Nd3Pt23Si11,True
77837,Nd3Rh4Sn13,True
77852,Nd3Tl1,True
77855,Nd3Yb1,False
77858,Nd3Zr1,False
77859,Nd4Ni1,False
77863,Nd4O13Si3Sr1,True
77873,Nd4O9Sr3,False
77877,Nd4S22Tm11,True
77883,Nd5O13Si3,False
77891,Nd5S4,False
77898,Nd5Sn4,True
77901,Nd6Ni2Sn1,False
77905,Nd7O4Se8V1,False
77914,Ni10P3Sn1,True
77915,Ni10P3Sn5,True
77926,Ni12P5Pr2,True
77927,Ni12P7Sc2,True
77929,Ni12P7Tb2,True
77934,Ni12P7Zr2,True
77937,Ni13O28Sb2Si2Y4,False
77940,Ni15O16,False
77944,Ni16Si7Ta6,True
77946,Ni16Si7V6,False
77949,Ni16U11,True
77955,Ni17Th2,False
77957,Ni17Y2,False
77958,Ni17Yb2,False
77962,Ni18Sc6Si11,True
77969,Ni1O10P2Ti2,True
77973,Ni1O10Si4,False
77974,Ni1O10Si4Zn1,False
77975,Ni1O10Te2V2,False
77977,Ni1O11Ru5Sr1,False
77983,Ni1O12P4,False
77989,Ni1O13Te6,False
77991,Ni1O16P4Sn3,False
77997,Ni1O22P2U2,False
78000,Ni1O24P6Sb2Ti3,False
78013,Ni1O2Zn1,False
78016,Ni1O3Pd1,False
78024,Ni1O3Sm1,True
78040,Ni1O4Re1,False
78041,Ni1O4Rh2,False
78045,Ni1O4Sm1Sr1,False
78056,Ni1O6Pb2Re1,False
78070,Ni1O6Sb1Zn2,False
78073,Ni1O6Si2Zn1,False
78087,Ni1O8P2Sn1,False
78096,Ni1O8Re3,False
78101,Ni1O8V2,False
78102,Ni1O8V3,False
78103,Ni1O8W2,False
78122,Ni1P1,False
78124,Ni1P1Pr1,True
78132,Ni1P1Tb1,True
78138,Ni1P1Zr2,True
78144,Ni1P2Ta1,True
78148,Ni1P2Zr2,True
78156,Ni1Pa1,False
78157,Ni1Pb1,False
78158,Ni1Pb1Tm1,False
78168,Ni1Pd1Ti2,False
78169,Ni1Pd2Te2,True
78174,Ni1Pm2Si1,True
78179,Ni1Pr1Si1,True
78187,Ni1Pt1,True
78199,Ni1Rh2Sn1,False
78209,Ni1S17U8,True
78211,Ni1S1Se1,False
78213,Ni1S2Tl2,False
78222,Ni1S8Ta4,False
78226,Ni1Sb1Sc1,True
78232,Ni1Sb1V1,False
78233,Ni1Sb1V2,False
78243,Ni1Sb2Zr6,True
78246,Ni1Sb4Tb2,False
78251,Ni1Sc1Si1,True
78252,Ni1Sc1Si3,True
78254,Ni1Sc2,True
78258,Ni1Sc6Te2,True
78263,Ni1Se3U1,False
78264,Ni1Se4Si2,False
78265,Ni1Se4Ti2,False
78266,Ni1Se4V2,False
78269,Ni1Se8Ta8,True
78270,Ni1Si1,True
78276,Ni1Si1Tl2,False
78282,Ni1Si2,True
78305,Ni1Sm1Zn1,True
78310,Ni1Sn1Th1,True
78315,Ni1Sn1Yb1,True
78317,Ni1Sn2Sr1,True
78321,Ni1Sn2Zr6,False
78323,Ni1Sn3Ti5,False
78327,Ni1Sr3,False
78338,Ni1Tc1,False
78341,Ni1Tc1Zr2,True
78343,Ni1Te1,False
78345,Ni1Th1,True
78347,Ni1Ti1,True
78350,Ni1Tl1,False
78354,Ni1V1,False
78358,Ni1Y3,True
78366,Ni1Zr2,True
78368,Ni20P13Pr6,True
78370,Ni20P13Y6,True
78372,Ni20P13Zr6,True
78375,Ni23Te42,True
78382,Ni25Y4Zr1,False
78402,Ni2O24P6Ti3V1,False
78405,Ni2O3Rb2,False
78407,Ni2O4Y1,False
78414,Ni2O6Pr1,False
78416,Ni2O6Sb1Sc1,True
78422,Ni2O7Y2,False
78428,Ni2O9P2Zn1,False
78436,Ni2P2Pr1,True
78444,Ni2P2Y1,True
78450,Ni2Pa1Sn1,True
78453,Ni2Pd1Se2,False
78463,Ni2Pu1Si2,True
78465,Ni2Rh1S4,True
78466,Ni2S1,False
78467,Ni2S2Tl1,False
78469,Ni2S5Zn1,False
78472,Ni2Sb1Te1,False
78476,Ni2Sb1Y5,True
78478,Ni2Sb2Sm1,True
78483,Ni2Sc1Si3,False
78487,Ni2Sc1Zn1,False
78488,Ni2Sc2Sn1,True
78490,Ni2Sc3Si4,True
78492,Ni2Se1Ta1Te1,True
78500,Ni2Si2Sm1,True
78502,Ni2Si2Th1,True
78507,Ni2Si2Yb1,True
78512,Ni2Sm1,True
78518,Ni2Sn1Tm2,True
78530,Ni2Tb1,True
78553,Ni3O13P3,False
78561,Ni3O16P4Sb1,False
78568,Ni3O1Ti3,False
78578,Ni3O8P2,True
78587,Ni3P3Zr2,True
78599,Ni3Rb2S4,True
78601,Ni3Rh1,False
78609,Ni3Sb2Sn2U3,False
78611,Ni3Sb2Zn1,False
78628,Ni3Si5Sm2,True
78629,Ni3Si5Tb2,True
78649,Ni3Yb1,True
78655,Ni49P33Sm25,True
78656,Ni4O10Zn1,False
78657,Ni4O12P3,False
78674,Ni4P2Y1,True
78680,Ni4Ru1,False
78684,Ni4Si1Sm1,True
78691,Ni4Sn13Yb7,True
78695,Ni4Sn2Sr1,True
78696,Ni4Sn3,True
78715,Ni5O4,False
78740,Ni6O7,False
78745,Ni6Pr3Si2,False
78754,Ni6Sm3Sn4,False
78755,Ni6Sn1Te2,True
78757,Ni7O10Zn3,False
78761,Ni7O28P8,False
78763,Ni7P5Pr3,False
78767,Ni7Pr15Si10,False
78769,Ni7Sc2,True
78770,Ni7Si9Sm4,False
78777,Ni8P3,False
78781,Ni9O10Zn1,False
78809,Np1O6Se2,False
78811,Np1O8W2,False
78817,Np1P3,True
78826,Np1Pt1,True
78827,Np1Pt2Si2,True
78835,Np1Ru2Si2,True
78838,Np1Sb1,True
78840,Np1Sb2,True
78841,Np1Sb3,False
78847,Np1Si3,True
78858,Np2O2S1,False
78865,Np2S5,True
78901,O10P3Rb3,False
78902,O10P3Sn2,False
78903,O10P3V2,False
78905,O10Pb1Si1Te1Zn4,True
78906,O10Pb2Se3V1,True
78907,O10Pb3Re3,False
78933,O10Si3Sr1Y2,False
78946,O10Sn3Ti2,False
78961,O10U1V3,False
78975,O11P2W2,True
78981,O11Pb1Pt4Sr4,True
78983,O11Pb1Te5,False
78984,O11Pb1V6,False
78986,O11Pb2Si4,False
78994,O11Re2V2,False
78998,O11S1Zn1,False
79000,O11S2Zn2,False
79010,O11Sr1V6,False
79021,O11Ti6,False
79026,O11U3Y2,False
79033,O11Zr6,False
79036,O12P2Zn3,False
79046,O12P3Rb3Yb2,False
79057,O12P3Ti1V1,False
79061,O12P3Ti2Zn1,False
79065,O12P3Zr2,False
79069,O12P4Rb1Y1,False
79076,O12P4Th1,True
79077,O12P4Ti1,False
79078,O12P4U1,True
79082,O12P4Zr1,True
79084,O12Pb3Sr5Zn1,False
79086,O12Pb4V3,False
79089,O12Pm2W3,True
79098,O12Rb1Se2V3,True
79100,O12Rb1W4,False
79102,O12Rb2Se2U1,False
79106,O12Rb2Te1W3,True
79108,O12Rb2Te3Ti1,True
79114,O12Re2Sr5,True
79117,O12Re2Y5,True
79120,O12Re3Yb1,True
79122,O12Ru2Sr6Zn1,True
79124,O12Ru3Sr4,True
79128,O12S3Sc2,True
79131,O12S3Tb2,True
79144,O12Sb5Tm3,True
79150,O12Sc4Ti3,False
79154,O12Se3Y2,True
79165,O12Si3W3Y2,False
79175,O12Sr4Ti1Zr3,False
79183,O12Te1W3,False
79184,O12Te1Y6,True
79187,O12Te4V1,False
79188,O12Th1V4,True
79191,O12Tm1Y7,False
79192,O12Tm2W3,False
79193,O12Tm4Zr3,False
79194,O12Tm6W1,True
79195,O12U1Y6,True
79199,O12W1Y6,True
79211,O13P2Zn4,False
79225,O13P3W3Zn1,False
79226,O13P3Zn4,False
79228,O13P4Rb2Si1,True
79229,O13P4Sr3,False
79242,O13Pb4Te1Ti3,False
79245,O13Pr5Si3,False
79263,O13Si6,False
79270,O13Te5Tm2,True
79276,O13Ti7,False
79278,O13Ti9,False
79315,O14P5Tm1,True
79322,O14Rb3Ta5,True
79334,O14Si4Sn2Zn3,False
79336,O14Si4V2Zn3,False
79347,O14V5,False
79348,O14W5,False
79350,O15P3Rh1W2,True
79362,O15Pb4S1Si3Zn2,True
79368,O15Rb2Si6Th1,True
79370,O15Rb2Si6U1,True
79375,O15S2Tl2,False
79380,O15Sr1V6,False
79384,O15Ti8,False
79387,O16P3Pb6V1,False
79388,O16P3Zn2,False
79392,O16P4Sb3V1,False
79398,O16Pr2Se3,False
79416,O17Pb11Si3,False
79423,O17Si2Ti4,False
79424,O17Si5Sr1Yb4,False
79428,O17Sr6Te6,False
79432,O17U3Yb6,True
79453,O18Te3W5,False
79466,O19Rb8Ta6,True
79468,O19Sc20,False
79487,O1P1Pr1Zn1,True
79489,O1P1Te2U2,False
79506,O1Pr10Se14,False
79521,O1Rb5Tl3,False
79532,O1S2Y2,False
79533,O1S2Yb2,False
79534,O1S3Sr4,False
79539,O1Sb4Sc4Yb4,False
79547,O1Si1Sr3,True
79552,O1Sm1,False
79558,O1Sr1,True
79561,O1Ta4,False
79563,O1Te1U1,True
79567,O1Ti2,True
79577,O1Y1,False
79580,O1Zr1,False
79582,O1Zr3,True
79583,O1Zr4,True
79592,O20Ru4Sr10Ti1,False
79602,O20Sn3Ti7,False
79603,O20Sn7Ti3,False
79605,O20Sr1Ti11,True
79610,O20V1Zr9,False
79616,O21Pb4Se6V2,True
79630,O21V6Y4,False
79631,O21W2Y10,False
79633,O22P6V5,False
79646,O23Rb6U5V2,True
79651,O24P1Si5Y1Zr5,False
79673,O24P6Sn3W1,False
79675,O24P6Sr1Zr4,True
79683,O24P6V3W1,True
79685,O24P6V4Zn3,False
79692,O24Re4Sr11,True
79694,O24Sb8Tl3,False
79695,O24Sc7V9,False
79705,O24Tm5Y11,False
79708,O25P1Ta9,True
79711,O25P2W7,False
79713,O25P6Rb1Si2Ti3,True
79714,O25P6Rb2U3,True
79715,O25P6Si2Ti3Tl1,True
79716,O25P6Si5,True
79717,O25P6Sn5,False
79733,O28Sb15Si2,False
79737,O28Sb2Si2W13Y4,False
79738,O28Sr3U6,False
79744,O29Si18,False
79759,O2Pb1Pd1,True
79760,O2Pb1Rb2,True
79767,O2Pr1V2,False
79785,O2Rb1Tm1,True
79788,O2Rb2Sn1,True
79801,O2S1Tm2,True
79810,O2Sb1,True
79817,O2Sc1Y1,False
79821,O2Se1Sm2,True
79824,O2Se1Y2,True
79825,O2Se1Yb2,False
79835,O2Sn1,True
79838,O2Sr1Zn1,True
79840,O2Ta11,False
79841,O2Tb1,False
79845,O2Tc1Tl1,False
79851,O2Th1,True
79866,O2W1Y1,False
79873,O30Rb5W8,False
79874,O30Sr1V12,False
79887,O32Rb1W8,False
79898,O36P9Pr1Zr6,False
79907,O36Sr3U11,True
79909,O37Si17,False
79929,O3P1Tl2,False
79936,O3Pa1Rb1,True
79949,O3Pb1Se1,True
79954,O3Pb1Te1,True
79968,O3Pd1Te1,False
79970,O3Pd1U1,False
79971,O3Pd1Yb1,False
79973,O3Pm1W1,False
79981,O3Pr1Ti1,False
79982,O3Pr1Tl1,False
79983,O3Pr1V1,True
79985,O3Pr2,True
79993,O3Pu1Sb1,False
80020,O3Rb1W1,False
80024,O3Rb2,False
80041,O3Re1Te1,False
80060,O3S1Zr2,False
80062,O3S5U1Y4,False
80063,O3S5U3Y2,False
80067,O3Sb1Sr1,False
80069,O3Sb1Tl1,True
80075,O3Sc1Sm1,True
80076,O3Sc1Sn1,False
80078,O3Sc1Tb1,False
80088,O3Se1Sr1,True
80090,O3Se1Y1,True
80093,O3Si1Sn1,False
80105,O3Sm1,False
80106,O3Sm1Tb1,False
80107,O3Sm1Ti1,False
80111,O3Sm1Y1,False
80118,O3Sn1Tl2,True
80122,O3Sn1Zn1,False
80127,O3Sr1Te1,True
80136,O3Ta1,False
80139,O3Ta2,False
80144,O3Tb1V1,True
80146,O3Tc1Tl1,False
80161,O3Ti1Zn1,False
80162,O3Ti1Zr1,False
80163,O3Ti2,True
80171,O3Tl4,True
80184,O3V7,False
80195,O3Yb1Zn1,False
80196,O3Yb2,False
80205,O47Sm3Ta17,True
80211,O49Zr27,False
80212,O4Os1,True
80215,O4P1Pr1,True
80221,O4P1Sb1,True
80230,O4P1Tl2,False
80233,O4P1V1,True
80243,O4Pa1Tb1,True
80255,O4Pb1V1,False
80256,O4Pb1W1,True
80258,O4Pb2Si1,False
80266,O4Pd3Sr1,True
80277,O4Pr2Sr1,False
80280,O4Pt3,True
80286,O4Rb1Re1,True
80292,O4Rb2S1W1,False
80295,O4Rb2Zn3,True
80297,O4Rb4Sb1,True
80308,O4Rh2Sr1,True
80313,O4S1Sn1,True
80316,O4S1Tl2,True
80321,O4Sb1Si1,False
80322,O4Sb1Sm1,True
80340,O4Se1V1,False
80346,O4Si1Sm2Te1,True
80352,O4Si1V1,False
80354,O4Si1W1,False
80377,O4Sr1W1,True
80383,O4Sr2V1,True
80385,O4Ta1Tb1,True
80387,O4Ta1Tm1,True
80388,O4Ta1V1,True
80389,O4Ta1Y1,True
80390,O4Ta1Yb1,True
80394,O4Te3U4,True
80409,O4U1Zr1,False
80410,O4V1W1,False
80411,O4V1Y1,True
80412,O4V1Yb1,False
80413,O4V1Zn2,False
80415,O4V2Zn1,True
80418,O4W1Zn1,True
80420,O4W2Zn1,False
80429,O56P16Ta7,False
80431,O5P1Rb1Ti1,True
80432,O5P1Rb1V1,True
80436,O5P1Sn2,False
80438,O5P1Te1,False
80444,O5P1V1Zn1,False
80464,O5Pr2Ti1,True
80472,O5Rb2Ta2,False
80475,O5Rb2W2,False
80477,O5Rb2Zr2,False
80484,O5Ru1Sm2,False
80486,O5S1,False
80487,O5S1Sn2,False
80489,O5S1V1,True
80492,O5S2Tb2Ti2,True
80495,O5Sb1Se1,False
80502,O5Sb5Sm9,True
80506,O5Sc2V1,False
80507,O5Se1Tl1V1,True
80508,O5Se1U1,False
80509,O5Se1Zn1,False
80524,O5Si2Ti2,False
80529,O5Sm2V2,False
80531,O5Sn2Zn1,False
80535,O5Sr1Zn1,False
80537,O5Sr2Tl2,True
80545,O5Tb2Ti1,True
80546,O5Tb2Y2,False
80549,O5Te2,True
80550,O5Te2Tl2,True
80551,O5Te2Zn1,False
80563,O5U3,False
80574,O5W2Zn2,False
80576,O61Si16Sr12Ti4,False
80577,O61Sr15Ti23,False
80579,O68Ta25Yb4,True
80582,O6P1Pb1V1,True
80586,O6P1Sn3,False
80596,O6P2Zn1,True
80604,O6Pb1Si1U1,False
80609,O6Pb2Sb1Sc1,False
80610,O6Pb2Sb1Tm1,False
80611,O6Pb2Sb1Y1,False
80612,O6Pb2Sc1Ta1,False
80615,O6Pb3S1,False
80633,O6Pr2Te1,True
80637,O6Pt1Sm2Zn1,False
80645,O6Rb1Se2,False
80652,O6Rb8Sn1,False
80665,O6Re2Sc1,False
80666,O6Rh1Sc1Sr3,True
80670,O6Rh1Sr3Yb1,True
80687,O6S1U1,True
80693,O6Sb1Sn1Zn2,False
80694,O6Sb1Sr2Y1,True
80706,O6Sc1Sr2Ta1,True
80713,O6Se2Ti1,True
80715,O6Si2Sn1,False
80735,O6Sr1,False
80737,O6Sr1U2,False
80740,O6Sr2Ta1Y1,True
80746,O6Sr2W1Zn1,False
80749,O6Sr3U1,True
80751,O6Ta1Tb1Ti1,True
80754,O6Ta1Ti1Zn2,False
80757,O6Ta1W1Zn2,False
80760,O6Ta2V1,True
80761,O6Ta2Zn1,False
80764,O6Te1Tl2,True
80768,O6Te1W1Zn2,False
80769,O6Te1Y2,True
80776,O6Ti2Zr1,False
80777,O6Ti3Y1,False
80804,O7P2Pb2,True
80808,O7P2Rb1Ti1,False
80810,O7P2Rb1V1,True
80820,O7P2Sr1Zn1,True
80822,O7P2Ta1,False
80824,O7P2Ti1,True
80832,O7P2Zn2,True
80833,O7P2Zr1,True
80835,O7P4S1,False
80836,O7P4Se1,False
80838,O7Pb1Ti3,True
80841,O7Pb2Sm2,False
80847,O7Pb2V2,True
80850,O7Pb4Rb2,True
80855,O7Pr2Si2,True
80863,O7Pr3Ta1,True
80867,O7Pt2Sc2,True
80878,O7Rb6Si2,True
80880,O7Re1Sm3,False
80884,O7Ru1Sm3,True
80889,O7Ru2Tl2,True
80891,O7Ru2Y2,False
80897,O7S3Si2Tb4,False
80900,O7S3Si2Yb4,False
80911,O7Sb2Zn3,False
80912,O7Sb3,False
80914,O7Sc1Si2Y1,False
80915,O7Sc1Sm2Ta1,False
80918,O7Sc2V2,False
80920,O7Se2Tb2,True
80921,O7Se2Th1,True
80924,O7Se3Si2Sm4,False
80925,O7Si1V2,False
80927,O7Si2Sn2,False
80930,O7Si2Sr1Zr1,False
80936,O7Si2V2,False
80944,O7Sm2V2,False
80947,O7Sn1Ta2,False
80948,O7Sn1Ti1Y2,False
80959,O7Sn2Zn3,False
80961,O7Sn5,False
80963,O7Sr1Ta2,False
80992,O7Ti1V2,True
80997,O7Ti2Zn3,False
80999,O7Ti3Zn1,False
81003,O7Tl4V2,True
81012,O7V2Zr1,True
81013,O7V3,True
81026,O7Y2Zr2,False
81027,O7Yb2Zr2,False
81030,O8P1Rb1Sb2,True
81032,O8P1W2,False
81043,O8P2Rb3Tm1,True
81049,O8P2Sn1Sr1Zn1,False
81063,O8P2Ta1,False
81074,O8Pb1Se2U1,True
81080,O8Pb5S1,True
81086,O8Pr1Tl1W2,True
81095,O8Rb1Se1U1,False
81097,O8Rb1Se2U1,False
81101,O8Rb1Tm1W2,True
81109,O8Rb3V1,False
81117,O8Re3,False
81123,O8S2Sn1,True
81142,O8Sc1Se2V1,False
81144,O8Se2Sm1,False
81147,O8Se2Tb1V1,False
81158,O8Sn1W2Y1,False
81163,O8Sr1Te3,False
81164,O8Sr3Ta2,False
81165,O8Sr3V2,True
81172,O8Ta2V1Zn2,False
81176,O8Ta3,False
81181,O8Te2Tl2U1,True
81184,O8Te3Tm1,False
81191,O8Ti1W2,False
81193,O8Ti1Zn4Zr1,False
81195,O8Ti3,False
81201,O8Ti7,False
81222,O8W3Y1,False
81233,O9P2Rb1Zn1,False
81243,O9P2Te2,True
81246,O9P2Ti2,False
81250,O9P2V2,False
81262,O9P3Sn1,False
81264,O9P3Ti1,False
81269,O9P3Yb1,True
81275,O9Pb3Tl2,False
81276,O9Pb4V2,True
81281,O9Pr3Re2,True
81283,O9Pr5,False
81284,O9Rb1S2Yb1,False
81289,O9Rb6Te2,True
81303,O9Sb2Si3,False
81304,O9Sb2Te2,True
81308,O9Sc1Se3,False
81320,O9Sn1W3,False
81321,O9Sn4Zn1,False
81335,O9Tb5,False
81339,O9Te4,False
81345,O9Tl1W3,True
81348,O9V3Y1,False
81349,O9V3Y2,False
81367,Os1Pm2Zn1,True
81370,Os1Pt3,False
81384,Os1Ru1Ta2,False
81389,Os1Ru3,True
81391,Os1Sb1Te1,True
81392,Os1Sb2,True
81397,Os1Si1,False
81398,Os1Si1Te2,False
81399,Os1Si1Ti1,True
81400,Os1Si1V6,False
81411,Os1Ta2V1,True
81414,Os1Tb3,True
81423,Os1Ti3,False
81425,Os1Tm2Zn1,True
81434,Os1Zr1,True
81444,Os2Sb1Si1,False
81445,Os2Sc1,True
81447,Os2Sc1Zr1,True
81453,Os2Si2Tm1,True
81455,Os2Si2Y1,True
81459,Os2Ta1Ti1,True
81469,Os2U1Zn20,True
81471,Os2Yb1,True
81478,Os3Si5U2,True
81483,Os3Th7,True
81484,Os3Ti1,False
81489,Os3Zn1,False
81494,Os4Sb12Yb1,False
81495,Os4Sc11,True
81498,Os4Sn13Th3,False
81499,Os4Sn17,False
81502,P10Zn7,False
81504,P11Rb3,True
81507,P12Pr5Ru19,True
81514,P13Re6,False
81517,P14Sn1Zn1,False
81518,P14Sr3,True
81529,P1Pd1S1,True
81532,P1Pd1Tb1,True
81533,P1Pd1Tm1,True
81537,P1Pd5Sn1,True
81543,P1Pr1S4,True
81545,P1Pt1Sm1,True
81546,P1Pt1Sr1,True
81547,P1Pt1Tb1,True
81560,P1Rb1Se3,True
81575,P1Ru1Sc1,True
81577,P1Ru1Ta1,True
81581,P1S1,False
81585,P1S1Tb1,True
81592,P1S3Sn1,True
81611,P1Sb1Ti2,True
81614,P1Sc1,True
81617,P1Se1Th1,True
81628,P1Sn1Sr1,True
81632,P1Sr3,False
81640,P1Te2Ti2,True
81648,P1Tm1,True
81654,P1V3,True
81655,P1W1,True
81659,P1Yb1,True
81661,P1Zn1,False
81662,P1Zn2,False
81664,P1Zr1,True
81667,P2Pa1,True
81671,P2Pd15,False
81672,P2Pd1Rb2,True
81674,P2Pd2Sm1,True
81679,P2Pd3S8,True
81685,P2Pr1Se6Tl1,True
81707,P2Ru2Y1,True
81708,P2Ru2Yb1,True
81711,P2S3,False
81729,P2Sc3,True
81731,P2Se1U3,True
81736,P2Si1,True
81739,P2Sr1,False
81743,P2Te4Zr5,True
81751,P2Zn1,True
81754,P32Se3Si60Te13,False
81756,P3Pd1,False
81761,P3Pm1,True
81762,P3Pr1Si1,True
81768,P3Rb1Zn4,True
81771,P3Rb2Se9Th1,True
81773,P3Rb5S12Th1,True
81776,P3Rh1,True
81777,P3Rh1Si3,False
81779,P3Ru1,True
81785,P3Sm1,False
81790,P3Ta1,False
81794,P3Tc2,True
81804,P3Yb1,False
81815,P4Ru1Si4,True
81823,P4S3,True
81835,P4Th3,True
81837,P4Ti3Zr9,False
81843,P5Pd5Sr4,True
81845,P5Rb3S18Zr2,True
81850,P5Tm1,False
81853,P6Pd20Pr3,True
81867,P7Rh12Sr2,True
81880,Pa1Pd3,True
81886,Pa1Pt3,True
81892,Pa1Ru2Tm1,True
81896,Pa1S3,True
81906,Pa1Ta1,False
81910,Pa1Tc2Tm1,True
81915,Pa1Ti3,False
81916,Pa1U3,False
81925,Pa3Sb4,True
81929,Pa3Ta1,False
81933,Pa3Tl1,False
81936,Pa3Yb1,False
81944,Pb1Pd1,True
81945,Pb1Pd15Tl4,False
81946,Pb1Pd1Pr1,True
81968,Pb1Pm3,True
81973,Pb1Pr2Zn5,True
81975,Pb1Pt1,True
81976,Pb1Pt1Te1,False
81982,Pb1Pu3,False
81985,Pb1Re3,False
81989,Pb1Rh2Sc1,True
81990,Pb1Rh2Tb1,False
81992,Pb1Rh2Y1,False
81993,Pb1Rh2Yb1,True
82000,Pb1S2Ta1,False
82007,Pb1S4Tl2Zr1,True
82012,Pb1Sb1,False
82018,Pb1Se1,True
82029,Pb1Sn1,False
82035,Pb1Sr1Zn1,False
82040,Pb1Ta3,False
82041,Pb1Tb3,False
82062,Pb2Pd3S2,True
82074,Pb2S4Si1,True
82089,Pb3S4Sr1,False
82096,Pb3Sm1,True
82097,Pb3Sm5,True
82101,Pb3Sn3U2,False
82107,Pb3Te1,False
82108,Pb3Te1Zr5,True
82111,Pb3Ti13,False
82112,Pb3Tm1,True
82123,Pb4Pt1,True
82129,Pb4S5Sn1,True
82141,Pb5Se1Te4,True
82147,Pd10Te3,False
82151,Pd13Tl9,True
82160,Pd1Pr1Sb1,True
82161,Pd1Pr1Sb2,True
82165,Pd1Pr1Zn1,True
82170,Pd1Pt1Yb2,True
82175,Pd1Rb2,False
82184,Pd1Rh1Sm2,False
82185,Pd1Rh1Tb2,False
82189,Pd1Rh1Zn2,True
82192,Pd1Ru1Sm2,False
82194,Pd1Ru1Tm2,True
82199,Pd1S3,False
82202,Pd1Sb1,True
82208,Pd1Sb1Tm1,False
82209,Pd1Sb1U1,False
82213,Pd1Sb2,True
82215,Pd1Sb2Tb1,False
82220,Pd1Sc1,True
82232,Pd1Se2Tl2,True
82235,Pd1Si1,True
82240,Pd1Si1U1,False
82241,Pd1Si1Y1,True
82259,Pd1Sn1V1,False
82260,Pd1Sn1Y1,True
82268,Pd1Sr1,True
82269,Pd1Sr1Te1,False
82274,Pd1Tb1Tl1,True
82283,Pd1Th2,True
82287,Pd1Ti3,True
82298,Pd1Y1Zn1,True
82306,Pd1Zr1,True
82309,Pd20Pr3Si6,True
82310,Pd20Sb7,True
82311,Pd20Si6Sm3,True
82314,Pd20Si6Yb3,True
82318,Pd21Te5,False
82319,Pd21Zn74,True
82326,Pd2Pr1Si2,True
82328,Pd2Pu1Sb1,False
82330,Pd2Pu2Sn1,False
82333,Pd2Sb1,True
82353,Pd2Si1Yb1,True
82357,Pd2Si2Tb1,True
82363,Pd2Si3Y3,False
82372,Pd2Sn1U2,False
82375,Pd2Sn1Yb2,False
82376,Pd2Sn1Zr1,False
82379,Pd2Ta1,True
82392,Pd2Yb5,True
82405,Pd3Rb2Se6U1,True
82414,Pd3S4Y1,True
82421,Pd3Si1,True
82437,Pd3Ti2,True
82443,Pd3Y1,True
82444,Pd3Yb1,True
82448,Pd3Zr1,True
82451,Pd4Pr3Sn6,True
82469,Pd5Pu3,True
82479,Pd5Ti3,False
82481,Pd6S1Sb1,False
82483,Pd6Si6Sr1,True
82489,Pd8Sb4Tb3,True
82492,Pd8Sn4Tm3Y1,True
82498,Pm1Pr1,False
82499,Pm1Pr1Tl2,True
82502,Pm1Pt2Sn1,True
82503,Pm1Pt2Sr1,True
82508,Pm1Rh2Sm1,True
82522,Pm1Se2,True
82523,Pm1Se3,False
82531,Pm1Ta3,False
82534,Pm1Th3,False
82535,Pm1Tl2Tm1,True
82538,Pm1Tm1,False
82542,Pm1Y1Zn2,True
82543,Pm1Y3,False
82545,Pm1Yb3,False
82552,Pm2Rh1Ru1,True
82553,Pm2Rh1Zn1,True
82556,Pm2Se3,True
82564,Pm3Sm1,False
82567,Pm3Tb1,False
82569,Pm3Ti1,False
82572,Pm3Y1,False
82591,Pr1Rb1Se2,True
82595,Pr1Re4Si2,True
82607,Pr1Ru1Sn3,True
82632,Pr1Se1,True
82638,Pr1Si1,True
82643,Pr1Sm3,False
82650,Pr1Te1,True
82659,Pr1Tl3,True
82660,Pr1Tm3,False
82662,Pr1Y1,True
82673,Pr2Pt3Si5,True
82680,Pr2S4Yb1,False
82704,Pr2Zn17,True
82714,Pr3S12Yb5,False
82716,Pr3Sb5Ti1,False
82717,Pr3Sb5Zr1,False
82726,Pr3Te4,False
82728,Pr3Ti1,False
82733,Pr3Zn1,False
82737,Pr4S22Tm11,True
82739,Pr4Sb3,True
82740,Pr5Rh4Sn10,True
82742,Pr5S8,False
82748,Pr8Pt17Sb14,True
82767,Pt1Rh1Sc2,False
82769,Pt1Rh1Zn2,True
82776,Pt1S1Sb1,False
82784,Pt1Sb1Sn1,False
82786,Pt1Sb1Tb1,True
82789,Pt1Sb1Y1,True
82794,Pt1Sc1Si1,True
82800,Pt1Sc2Zn1,True
82842,Pt1Ta1Tl1,False
82844,Pt1Tb1,True
82848,Pt1Tc1Ti2,True
82851,Pt1Te2,True
82860,Pt1Tm2,True
82869,Pt1Y2,True
82874,Pt1Yb2,True
82889,Pt2Rb1Se3,True
82891,Pt2Sb1Tb5,False
82896,Pt2Sc1Zn1,True
82906,Pt2Si2Th1,True
82912,Pt2Sm1,True
82920,Pt2Sr1,True
82929,Pt2Th1Yb1,False
82932,Pt2Tm1Yb1,True
82935,Pt2W1,True
82939,Pt2Yb5,True
82951,Pt3Sb1,False
82965,Pt3Ta1,True
82971,Pt3Th7,True
82972,Pt3Ti1,True
82983,Pt3Zn1,True
82989,Pt4S3Se1,False
82991,Pt4Tb3,True
83018,Pt8Zr1,True
83022,Pu1Rb3,False
83025,Pu1Rh3,False
83037,Pu1Se2,True
83039,Pu1Si2,True
83041,Pu1Sm1,False
83043,Pu1Sn2,True
83061,Pu2Zn17,True
83062,Pu3Ru1,False
83066,Pu3Si2,False
83072,Pu3Tm1,False
83082,Rb1S1,True
83085,Rb1S2Sn1,False
83090,Rb1S2Yb1,False
83093,Rb1S8Sb1U2,True
83099,Rb1Sb3Se5,True
83106,Rb1Se4Sn2,True
83109,Rb1Si1,True
83112,Rb1Sn3,False
83115,Rb1Te16Zr12,True
83117,Rb1Te3Yb1Zn1,False
83119,Rb1Te9Ti1U3,True
83121,Rb1Yb1,False
83144,Rb2Se5Sn2,True
83146,Rb2Sn1Te5,False
83148,Rb2Te3,True
83154,Rb3S3Sb1,True
83165,Rb3Sr1,False
83169,Rb3Tl1,False
83192,Re1Rh3,True
83197,Re1Ru3,True
83202,Re1Se2,True
83206,Re1Si1Ti1,True
83225,Re1Ti2,True
83235,Re24Sc5,True
83237,Re24Zr5,True
83239,Re2Sc1,True
83241,Re2Sc3Si3,False
83254,Re2Y1,True
83260,Re3Sc2Si4,True
83262,Re3Si1,False
83263,Re3Si5Sm2,True
83269,Re3Sn1,False
83270,Re3Tc1,False
83271,Re3V1Zr2,True
83274,Re4Si2Th1,True
83281,Re6S11Sr2,False
83290,Rh1Ru1,False
83294,Rh1Ru1Si2U1,True
83297,Rh1Ru1Tm2,True
83305,Rh1Sb1,True
83306,Rh1Sb1Sm1,True
83313,Rh1Sb1V1,False
83314,Rh1Sb1Zr1,True
83317,Rh1Sb3,True
83323,Rh1Sc6Te2,True
83331,Rh1Si1U1,True
83352,Rh1Sn1Ti1,False
83358,Rh1Sn1Zr1,True
83360,Rh1Sn3,False
83367,Rh1Tb3,True
83378,Rh1Tm1,True
83383,Rh1V3,True
83387,Rh1Y2Zn1,False
83388,Rh1Y3,True
83398,Rh20Si13,False
83406,Rh2Sc1Tl1,True
83407,Rh2Sc1Yb1,True
83415,Rh2Si2Tb1,True
83416,Rh2Si2Th1,True
83423,Rh2Sm1,True
83425,Rh2Sm1Sn4,True
83427,Rh2Sm1Tm1,False
83431,Rh2Sn1,True
83436,Rh2Sn1U2,True
83441,Rh2Sn1Zr1,True
83444,Rh2Ta1Zn1,True
83445,Rh2Tb1,True
83450,Rh2Th1,True
83456,Rh2Tm1Y1,False
83457,Rh2Tm1Yb1,True
83461,Rh2Y1,True
83470,Rh31Te40,False
83472,Rh3S2Sn2,True
83484,Rh3Si2Tb1,True
83487,Rh3Si5Sm2,True
83489,Rh3Si5U2,True
83495,Rh3Ta1,True
83498,Rh3Tc1,True
83501,Rh3Te8,True
83503,Rh3Th7,True
83510,Rh3Y1,True
83513,Rh3Zr1,True
83520,Rh4Sm5Sn10,False
83536,Rh7Sb6Tb4,True
83537,Rh7Sb6Yb4,True
83554,Ru1Sb2,True
83556,Ru1Sb2U1,True
83571,Ru1Si1Tm1,True
83574,Ru1Si1Zr1,True
83576,Ru1Si3,False
83578,Ru1Si3Th2,False
83579,Ru1Si3U2,False
83595,Ru1Tc1Ti2,True
83608,Ru1V3,True
83633,Ru2Si1Ti1,True
83634,Ru2Si1V1,True
83637,Ru2Si2Sm3,False
83640,Ru2Si2Th1,True
83647,Ru2Sm1Tm1,True
83653,Ru2Sn1U2,True
83660,Ru2Ta1Yb1,True
83661,Ru2Ta1Zn1,True
83665,Ru2Th1Tm1,True
83668,Ru2Tm1Y1,True
83682,Ru3Si4Zr2,True
83684,Ru3Si5Tb2,True
83687,Ru3Ta1,True
83688,Ru3Tb1,False
83697,Ru3Zr1,False
83700,Ru4Si12Tb3,True
83704,Ru4Sm1Sn6,True
83711,Ru9Sb8Zn7,True
83716,S127Zr64,False
83737,S19Tm10,True
83738,S1Sb1,False
83740,S1Sb1U1,False
83747,S1Se1Ta1,False
83755,S1Se2Te1W2,False
83762,S1Si1Zr1,True
83769,S1Ta2,False
83787,S1U2,False
83799,S20U11,True
83803,S22Tm15,False
83804,S22U4Yb11,False
83806,S27Sb17,False
83808,S27Zr40,False
83845,S2Th1U1,False
83848,S2Ti3,False
83857,S2V1,True
83864,S2Zr3,False
83866,S30Yb29,False
83876,S3Sc2,True
83877,S3Se1Sr4,False
83882,S3Si1Y4,True
83885,S3Sn1Sr1,False
83891,S3Sn2Tl2,True
83896,S3Ta1,True
83905,S3Ti2,True
83908,S3Tl2,False
83920,S42Sr17Ta10,True
83930,S4Si1Sr2,True
83934,S4Sm1Yb2,False
83936,S4Sm2Tm1,False
83937,S4Sm2Yb1,False
83941,S4Sm3Y1,False
83962,S4Tl4Zr1,True
83981,S5Sm1Yb4,False
83985,S5Sm2Zr1,True
83993,S5Th2,True
83994,S5Ti1U2,False
84002,S5V3,False
84004,S6Sc1U3,False
84005,S6Sn1Ta3,True
84011,S6Tl1Yb3,False
84016,S7Sn3,False
84017,S7Tb5,True
84022,S7Yb4,False
84029,S8Ti4Zn1,False
84031,S8Tl1V5,False
84032,S8Tl1V6,False
84040,S9Sb4Sr3,True
84042,S9Yb5,False
84045,Sb10Zn13,False
84049,Sb18V6Zr5,False
84056,Sb1Se1U1,True
84057,Sb1Se2Tl1,True
84059,Sb1Se3Tl3,True
84060,Sb1Se6Tl9,True
84064,Sb1Sn1,False
84065,Sb1Sn1Ti1,True
84071,Sb1Tc2Ti1,True
84080,Sb1Te6Tl9,True
84112,Sb2Sn1Zn1,True
84117,Sb2Sr2Zn1,False
84118,Sb2Sr3,False
84125,Sb2Ti1,True
84127,Sb2Tl7,True
84145,Sb3Si3Tb10,False
84155,Sb3Ti1,False
84158,Sb3Tm5,True
84159,Sb3U1,False
84160,Sb3U5V1,False
84161,Sb3W1,False
84162,Sb3Y4,True
84163,Sb3Yb4,True
84169,Sb4Se3Te3,False
84170,Sb4Sm2Zn1,True
84180,Sb4Zr7,True
84187,Sb5Tb2,False
84189,Sb5U3V1,True
84190,Sb5U3Zr1,True
84195,Sc13Zn58,True
84196,Sc1Se1,True
84205,Sc1Si5V5,False
84208,Sc1Sn2,True
84215,Sc1Tc2U1,True
84217,Sc1Tc2Zr1,False
84220,Sc1Te2Tl1,True
84222,Sc1Th1,False
84233,Sc1Zn6,True
84235,Sc1Zr3,True
84240,Sc2Sr1Te4,False
84256,Sc3Tl1,True
84262,Sc5Sn3,True
84265,Sc9Te2,True
84278,Se1Sn1,True
84279,Se1Sn1Tc1,False
84281,Se1Sn3Te2,False
84309,Se1Zr2,True
84310,Se1Zr3,False
84311,Se20Ti19,False
84313,Se22Sm4Yb11,False
84320,Se2Ta6Te1,True
84321,Se2Tb1,False
84323,Se2Te1,True
84329,Se2Ti9,False
84353,Se3Ta1Tl1,False
84358,Se3Th1,True
84370,Se3Zr1,True
84373,Se45Yb43,False
84380,Se4Ta1Tl3,True
84382,Se4Tb3,False
84385,Se4Ti11,False
84388,Se4Ti1Zr1,False
84393,Se4Tl4Zr1,True
84397,Se4V5,True
84402,Se4Yb3,False
84403,Se4Zr3,False
84409,Se5Sr1Th2,True
84413,Se6Ta1,False
84416,Se6Tl1U2,True
84421,Se8Tl1V5,False
84422,Se8V5,True
84431,Si1Sm1,True
84432,Si1Sm1Zn1,True
84440,Si1Sr2,True
84443,Si1Ta2V3,False
84445,Si1Ta3Te6,True
84454,Si1Tc2W1,True
84467,Si1Tm1,True
84470,Si1U3,True
84473,Si1V3,True
84475,Si1W4Zr1,False
84476,Si1Y1,True
84481,Si1Yb3,False
84486,Si1Zr3,False
84490,Si2Tb1,True
84491,Si2Tc2Th1,True
84497,Si2U3,False
84521,Si3W5,False
84522,Si3Y1,False
84526,Si3Zn1,False
84527,Si3Zr5,False
84529,Si4Ta1V1,False
84534,Si4U2W3,True
84540,Si5Ta2V4,False
84542,Si5V6,False
84547,Si6Ti2W1,True
84554,Sm1Sn2,True
84565,Sm1Th1,False
84574,Sm1Y1Zn2,False
84576,Sm1Yb1Zn2,True
84581,Sm1Zn3,False
84588,Sm2Tl1,True
84598,Sm3Y1,False
84605,Sn10Tb11,True
84612,Sn1Ta3,True
84615,Sn1Tc2U1,True
84618,Sn1Te1U1,True
84620,Sn1Te3,False
84624,Sn1Te6Tl9,True
84627,Sn1Tl1,False
84654,Sn2Tm1,True
84660,Sn2Zr1,True
84663,Sn3Ta1,False
84665,Sn3Tb1,False
84675,Sn3U1,True
84678,Sn3Y5,True
84682,Sn3Zn1Zr5,True
84683,Sn3Zr1,False
84687,Sn4Th5,True
84691,Sn5Sr3,True
84703,Sr1Tl2,True
84708,Sr1Zn1,True
84709,Sr1Zn11,True
84710,Sr1Zn13,True
84716,Sr3Tb1,False
84723,Sr3Zr1,False
84730,Ta1Te4Zr1,False
84733,Ta1Ti3,False
84735,Ta1V1,False
84739,Ta1Yb1,False
84743,Ta1Zr3,False
84750,Ta3W1,True
84757,Tb1Te3,True
84775,Tb2Te3,True
84778,Tb3Te1,False
84781,Tb3V1,False
84803,Tc2Ti1W1,True
84805,Tc2Tm1U1,False
84811,Tc3W1,False
84819,Te1Tm1,True
84821,Te1V1,False
84825,Te1Zr1,True
84830,Te2Tl1Tm1,True
84831,Te2Tl1Y1,True
84832,Te2Tm1,False
84836,Te2W1,True
84841,Te2Zr3,False
84846,Te3Tm1,True
84847,Te3Tm2,True
84850,Te3Y1,True
84869,Te5U2,True
84872,Te6Tl3Tm1,False
84882,Th1Tl3,True
84883,Th1Tm3,False
84884,Th1Y1,False
84886,Th1Zn11,False
84887,Th1Zn2,True
84897,Th3V1,False
84898,Th3Yb1,False
84900,Ti1Tl2W1,False
84907,Ti1W4Zr1,False
84908,Ti1Y1,False
84909,Ti1Yb3,False
84912,Ti1Zn2,True
84913,Ti1Zn3,True
84914,Ti1Zn8Zr3,False
84915,Ti1Zr1,False
84917,Ti2Zr1,False
84921,Ti3Zr1,False
84924,Tl1Tm2Zn1,False
84926,Tl1U1,False
84929,Tl1Y3,False
84935,Tl2Tm1Y1,True
84937,Tl3Tm5,True
84941,Tl3Y5,True
84952,Tm1Zn12,False
84955,Tm1Zn5,False
84967,U2Zn17,True
84969,U3Yb1,False
84972,V1W1,True
84974,V1W3,True
84975,V1Yb3,False
84981,W2Zr1,True
84986,Y1Zn1,True
84987,Y1Zn12,True
84988,Y1Zn2,False
84991,Y1Zr1,False
85002,Yb2Zn17,False
85008,Zn1Zr3,False
